2014-11-14T12-16-59: LogOut_File: : logfile started
2014-11-14T12-16-59: Net Status: low-level initialize success.
2014-11-14T12-16-59: Note that this new version (12/19/2011) has reduced the frequency of updates so the numbers will be larger
2014-11-14T12-16-59: time = time of logging
2014-11-14T12-16-59: address = address of IP address
2014-11-14T12-16-59: incoming = total size of messages set to me in bytes. Spikes can indicate lag.
2014-11-14T12-16-59: outgoing = total size of messages set from me in bytes. Spikes can indicate lag.
2014-11-14T12-16-59: app_ctos = client to server bytes delta excluding overheads (app data only)
2014-11-14T12-16-59: app_stoc = server to client bytes delta excluding overheads (app data only)
2014-11-14T12-16-59: loss = number of packets lost. Can indicate lags.  Some node on the network is dropping packets or taking to long and we have to resend them.
2014-11-14T12-16-59: sent = number of packets sent. Spikes can indicate lag.
2014-11-14T12-16-59: ping = how long it takes for a packet to get back and forth. Spikes can indicate lag.
2014-11-14T12-16-59: variance = how much the ping is changing from avg ping. Spikes can indicate lag.
2014-11-14T12-16-59: reliable delayed = This occurs when we drop reliable packets from sending this frame because we are sending to much data. Unreliable are more likely to be dropped than reliable.
2014-11-14T12-16-59: unreliable delayed = This occurs when we drop unreliable packets from sending this frame because we are sending to much data.
2014-11-14T12-16-59: app update delayed = This occurs when the app is taking to long to run code caused by network packets (ie CPU) and packets are delayed until the next frame
2014-11-14T12-16-59: Time spent in critical section (frame) = This is the time the network thread is blocking the main thread from doing anything.
2014-11-14T12-16-59: [time], [address], [incoming], [outgoing], [app_ctos], [app_stoc], [loss], [sent], [ping], [variance], [reliable delayed], [unreliable delayed], [app update delayed], [Time spent in critical section (frame)]
1354,X.X.X.X,76,110,0,0,0,3,396,159,0,0,0,0
12473,X.X.X.X,8800,1163,7575,439,0,34,59,13,0,0,9,0
24311,X.X.X.X,9168,1453,0,30,0,55,57,7,0,0,9,0
34458,X.X.X.X,12174,2398,2010,575,0,73,57,7,0,0,10,0
44509,X.X.X.X,18022,3374,4200,600,1,92,57,7,0,0,10,0
54560,X.X.X.X,24594,4350,4740,600,1,110,57,7,0,0,10,0
64611,X.X.X.X,31416,5326,4920,600,1,128,57,7,0,0,10,0
74664,X.X.X.X,38112,6302,4830,600,1,146,57,7,0,0,10,0
84712,X.X.X.X,45504,7278,5370,600,1,164,57,7,0,0,10,0
94764,X.X.X.X,52912,8254,5370,600,1,182,57,7,0,0,10,0
104820,X.X.X.X,60282,9238,5340,600,1,200,57,5,0,0,10,0
114871,X.X.X.X,67548,10214,5280,600,1,218,57,5,0,0,10,0
124924,X.X.X.X,74918,11190,5340,600,1,236,57,4,0,0,10,0
135067,X.X.X.X,102852,12515,25777,537,1,256,57,4,0,0,21,0
145068,X.X.X.X,130978,14194,6639,101,1,278,57,4,0,0,23,0
155075,X.X.X.X,139866,15969,7436,669,1,297,57,4,0,0,23,0
165076,X.X.X.X,149983,18641,8225,1234,1,321,57,4,0,0,23,0
175078,X.X.X.X,155661,21632,4182,1849,1,352,57,4,0,0,23,0
185082,X.X.X.X,160527,25083,3068,2149,5,392,62,17,0,0,23,0
195084,X.X.X.X,167450,28684,5214,2269,5,428,57,6,0,0,23,0
205086,X.X.X.X,174019,32650,4560,2500,5,478,57,6,0,0,23,0
215090,X.X.X.X,178191,34385,2904,869,5,503,57,6,0,0,23,0
225091,X.X.X.X,182794,36000,3321,719,6,525,57,6,0,0,23,0
235092,X.X.X.X,195509,39916,10521,2308,6,561,57,5,0,0,23,0
245099,X.X.X.X,203349,43652,5819,2272,7,602,57,5,0,0,23,0
255102,X.X.X.X,216681,48391,10907,2877,7,655,57,5,0,0,23,0
265103,X.X.X.X,254432,53991,22237,1142,7,705,57,5,0,0,23,0
275105,X.X.X.X,298458,60977,40049,3308,7,740,57,6,0,0,24,0
285106,X.X.X.X,342703,68009,39834,3186,7,779,57,7,0,0,24,0
295108,X.X.X.X,385205,75563,37674,3710,7,834,57,6,0,0,24,0
305109,X.X.X.X,443423,83665,51528,3702,9,881,66,22,0,0,24,0
315118,X.X.X.X,491373,91108,43589,3649,9,928,57,7,0,0,24,0
325127,X.X.X.X,551840,99107,55456,3831,9,988,57,6,0,0,24,0
335129,X.X.X.X,605230,107097,48783,3736,11,1043,60,11,0,0,24,0
345131,X.X.X.X,653428,114862,43376,3669,11,1098,57,6,0,0,24,0
355141,X.X.X.X,722163,123096,63893,3826,11,1173,57,4,0,0,24,0
365142,X.X.X.X,780137,132102,52772,4452,11,1239,57,5,0,0,24,0
375151,X.X.X.X,833718,139934,48707,3744,11,1291,57,5,0,0,24,0
385156,X.X.X.X,891419,147649,26258,1702,11,1342,57,4,0,0,24,0
395157,X.X.X.X,929707,155553,33419,3910,11,1397,57,4,0,0,24,0
405159,X.X.X.X,968372,162184,34373,3047,11,1440,57,4,0,0,24,0
415172,X.X.X.X,1021539,168308,48628,2274,11,1459,57,4,0,0,24,0
425173,X.X.X.X,1062619,173125,37580,1513,11,1481,57,4,0,0,24,0
435174,X.X.X.X,1101819,178901,35257,2558,12,1521,57,4,0,0,24,0
445177,X.X.X.X,1154397,183997,48283,1738,12,1546,57,4,0,0,24,0
455184,X.X.X.X,1210788,190714,51944,2987,14,1588,57,4,0,0,24,0
465185,X.X.X.X,1250668,197862,35425,3558,15,1633,57,6,0,0,24,0
475190,X.X.X.X,1298983,205169,43566,3485,15,1683,57,6,0,0,24,0
485196,X.X.X.X,1357535,213528,53377,3795,15,1735,57,6,0,0,24,0
495200,X.X.X.X,1398317,220959,36092,3583,15,1794,57,4,0,0,24,0
505204,X.X.X.X,1462230,229055,26427,1648,15,1843,57,4,0,0,24,0
515205,X.X.X.X,1521479,237272,54674,3937,16,1904,57,6,0,0,24,0
525215,X.X.X.X,1565046,244826,38894,3654,16,1957,57,5,0,0,24,0
535222,X.X.X.X,1615903,252644,45769,3750,16,2011,57,5,0,0,24,0
545227,X.X.X.X,1678175,261523,57041,4263,17,2080,57,5,0,0,24,0
555230,X.X.X.X,1721380,269282,38367,3853,17,2135,57,4,0,0,24,0
565240,X.X.X.X,1784480,277185,57788,3601,18,2186,57,4,0,0,24,0
575246,X.X.X.X,1831838,284883,42505,3672,18,2231,57,4,0,0,24,0
585251,X.X.X.X,1877091,292038,40678,3401,19,2281,57,7,0,0,24,0
595260,X.X.X.X,1929783,299971,47562,3743,19,2327,57,6,0,0,24,0
605261,X.X.X.X,1981794,308360,47009,4025,19,2377,57,5,0,0,24,0
615266,X.X.X.X,2037455,316293,48163,3697,23,2425,68,26,0,0,25,0
625273,X.X.X.X,2102530,324553,30536,1957,24,2478,57,6,0,0,25,0
635283,X.X.X.X,2151984,332561,44294,3728,24,2531,57,6,0,0,25,0
645292,X.X.X.X,2194080,340510,36943,3873,24,2577,57,5,0,0,25,0
655297,X.X.X.X,2248195,347799,49447,3391,24,2619,57,5,0,0,25,0
665306,X.X.X.X,2296612,355072,43762,3385,24,2666,57,4,0,0,25,0
675314,X.X.X.X,2331156,360699,30451,2429,24,2698,57,4,0,0,25,0
685324,X.X.X.X,2380028,367891,44200,3358,24,2748,57,4,0,0,25,0
695330,X.X.X.X,2421441,375487,36742,3566,24,2796,57,4,0,0,25,0
705341,X.X.X.X,2467393,382855,41215,3422,25,2846,57,4,0,0,25,0
715349,X.X.X.X,2536561,390853,64032,3722,25,2898,57,4,0,0,25,0
725352,X.X.X.X,2595485,399117,53890,3914,25,2951,57,5,0,0,25,0
735362,X.X.X.X,2631665,406470,31587,3723,25,3008,57,4,0,0,25,0
745367,X.X.X.X,2688283,415051,26659,2087,25,3072,58,5,0,0,25,0
755369,X.X.X.X,2729183,422695,36293,3718,25,3121,58,4,0,0,25,0
765380,X.X.X.X,2764639,429714,31093,3449,25,3172,58,4,0,0,25,0
775383,X.X.X.X,2818193,437521,48570,3621,25,3218,59,4,0,0,25,0
785391,X.X.X.X,2864173,445740,41089,3993,26,3268,59,4,0,0,25,0
795399,X.X.X.X,2908180,454081,39043,4163,26,3315,59,5,0,0,25,0
805409,X.X.X.X,2971769,462616,58240,4163,26,3373,59,5,0,0,25,0
815417,X.X.X.X,3017230,467497,41901,1705,26,3398,59,4,0,0,26,0
825418,X.X.X.X,3059989,471778,39237,1339,26,3417,59,4,0,0,26,0
835422,X.X.X.X,3117939,476422,54255,1514,26,3437,59,4,0,0,26,0
845429,X.X.X.X,3168894,480437,47604,1015,26,3457,59,4,0,0,26,0
855433,X.X.X.X,3215204,486226,41899,2617,26,3481,59,4,0,0,26,0
865434,X.X.X.X,3280223,491143,31745,553,26,3500,59,4,0,0,26,0
875435,X.X.X.X,3332404,498068,47955,3129,26,3539,59,4,0,0,26,0
885441,X.X.X.X,3373728,505023,36891,3347,26,3586,59,4,0,0,26,0
895449,X.X.X.X,3414139,512176,35996,3581,26,3636,59,4,0,0,26,0
905450,X.X.X.X,3448272,519443,29699,3527,26,3684,59,4,0,0,26,0
915456,X.X.X.X,3493776,527092,41020,3719,26,3739,59,4,0,0,26,0
925461,X.X.X.X,3539883,534510,41221,3638,26,3788,59,4,0,0,26,0
935464,X.X.X.X,3604354,542875,59570,3941,26,3844,59,4,0,0,26,0
945469,X.X.X.X,3648451,550129,39255,3484,26,3895,59,4,0,0,26,0
955471,X.X.X.X,3699179,557345,45704,3384,26,3943,59,4,0,0,26,0
965480,X.X.X.X,3763184,564033,59815,2792,26,3979,59,4,0,0,27,0
975490,X.X.X.X,3816607,571763,48531,3812,26,4028,59,4,0,0,27,0
985497,X.X.X.X,3867664,579774,26158,1921,28,4080,59,6,0,0,27,0
995507,X.X.X.X,3911332,587281,38724,3511,28,4122,59,6,0,0,27,0
1005520,X.X.X.X,3974512,595827,58009,4162,28,4168,59,5,0,0,27,0
1015529,X.X.X.X,4038788,604779,58988,4392,28,4256,59,4,0,0,27,0
1025530,X.X.X.X,4075120,611542,31856,3081,28,4284,59,4,0,0,27,0
1035538,X.X.X.X,4115711,618016,36506,3078,28,4327,59,4,0,0,27,0
1045540,X.X.X.X,4173347,625871,52748,3689,28,4376,60,4,0,0,27,0
1055541,X.X.X.X,4218299,633643,40030,3750,29,4429,60,4,0,0,27,0
1065549,X.X.X.X,4261345,640811,38588,3610,29,4477,60,5,0,0,27,0
1075558,X.X.X.X,4316843,647279,50946,2638,29,4505,60,4,0,0,28,0
1085561,X.X.X.X,4358783,653604,37586,2605,29,4524,60,4,0,0,28,0
1095590,X.X.X.X,4391951,659129,29180,2245,29,4544,60,4,0,0,28,1
1105596,X.X.X.X,4447481,665784,30433,1497,29,4574,60,4,0,0,28,0
1115599,X.X.X.X,4497705,671987,45835,2473,29,4592,60,4,0,0,28,0
1125605,X.X.X.X,4534271,678729,32150,3216,29,4631,60,4,0,0,28,0
1135611,X.X.X.X,4599690,687071,60103,4140,29,4702,60,4,0,0,28,0
1145623,X.X.X.X,4659914,695959,55167,4302,31,4763,60,4,0,0,28,0
1155629,X.X.X.X,4714638,703737,49900,3570,31,4807,60,4,0,0,28,0
1165641,X.X.X.X,4764863,711993,45067,4340,33,4863,60,5,0,0,28,0
1175642,X.X.X.X,4807306,719411,37847,3640,33,4914,60,5,0,0,28,0
1185650,X.X.X.X,4847316,726457,34961,3286,33,4995,60,7,0,0,28,0
1195653,X.X.X.X,4898955,734409,46038,3846,33,5070,60,7,0,0,28,0
1205658,X.X.X.X,4946531,741148,43272,3115,33,5101,60,7,0,0,28,0
1215669,X.X.X.X,4982228,746823,31838,2803,33,5149,60,7,0,0,28,0
1225671,X.X.X.X,5039272,754160,32950,2062,33,5194,60,7,0,0,28,0
1235678,X.X.X.X,5086065,762513,41797,4055,33,5245,60,6,0,0,28,0
1245682,X.X.X.X,5129051,770001,38466,3680,33,5293,60,7,0,0,28,0
1255691,X.X.X.X,5176378,777169,42873,3520,33,5346,60,7,0,0,28,0
1265698,X.X.X.X,5225716,784750,44365,3507,33,5390,60,7,0,0,28,0
1275702,X.X.X.X,5272555,792636,41751,3820,33,5436,60,7,0,0,28,0
1285703,X.X.X.X,5323822,800152,46493,3606,33,5477,60,7,0,0,28,0
1295712,X.X.X.X,5360954,806167,32897,2573,33,5495,60,7,0,0,28,0
1305720,X.X.X.X,5405236,812752,39623,2711,33,5513,60,6,0,0,28,0
1315729,X.X.X.X,5468013,820473,57864,3397,33,5538,60,5,0,0,28,0
1325731,X.X.X.X,5507665,829092,34529,4471,33,5583,60,4,0,0,28,0
1335741,X.X.X.X,5630396,839731,116507,4839,33,5663,60,4,0,0,28,0
1345742,X.X.X.X,5693505,847391,18925,1264,33,5708,60,4,0,0,29,0
1355745,X.X.X.X,5734492,853428,36132,2277,33,5727,60,4,0,0,29,0
1365746,X.X.X.X,5768172,858412,29596,2268,33,5745,60,4,0,0,29,0
2014-11-14T12-39-53: Memory Allocations 
 Current Allocations = 0 
 Total Allocations = 279975 
 Max Allocations = 251 
 Out of Pool Allocations = 5083 
 Out of Pool dealloc = 5083 

