2014-11-14T12-41-40: LogOut_File: : logfile started
2014-11-14T12-41-40: Net Status: low-level initialize success.
2014-11-14T12-41-40: Note that this new version (12/19/2011) has reduced the frequency of updates so the numbers will be larger
2014-11-14T12-41-40: time = time of logging
2014-11-14T12-41-40: address = address of IP address
2014-11-14T12-41-40: incoming = total size of messages set to me in bytes. Spikes can indicate lag.
2014-11-14T12-41-40: outgoing = total size of messages set from me in bytes. Spikes can indicate lag.
2014-11-14T12-41-40: app_ctos = client to server bytes delta excluding overheads (app data only)
2014-11-14T12-41-40: app_stoc = server to client bytes delta excluding overheads (app data only)
2014-11-14T12-41-40: loss = number of packets lost. Can indicate lags.  Some node on the network is dropping packets or taking to long and we have to resend them.
2014-11-14T12-41-40: sent = number of packets sent. Spikes can indicate lag.
2014-11-14T12-41-40: ping = how long it takes for a packet to get back and forth. Spikes can indicate lag.
2014-11-14T12-41-40: variance = how much the ping is changing from avg ping. Spikes can indicate lag.
2014-11-14T12-41-40: reliable delayed = This occurs when we drop reliable packets from sending this frame because we are sending to much data. Unreliable are more likely to be dropped than reliable.
2014-11-14T12-41-40: unreliable delayed = This occurs when we drop unreliable packets from sending this frame because we are sending to much data.
2014-11-14T12-41-40: app update delayed = This occurs when the app is taking to long to run code caused by network packets (ie CPU) and packets are delayed until the next frame
2014-11-14T12-41-40: Time spent in critical section (frame) = This is the time the network thread is blocking the main thread from doing anything.
2014-11-14T12-41-40: [time], [address], [incoming], [outgoing], [app_ctos], [app_stoc], [loss], [sent], [ping], [variance], [reliable delayed], [unreliable delayed], [app update delayed], [Time spent in critical section (frame)]
1349,X.X.X.X,76,110,0,0,0,3,397,158,0,0,0,0
12546,X.X.X.X,8715,1199,7487,459,0,38,62,8,0,0,7,0
23124,X.X.X.X,9399,1544,212,95,0,56,61,7,0,0,8,0
33285,X.X.X.X,13685,2482,3060,570,0,74,61,7,0,0,9,0
43341,X.X.X.X,19373,3458,4050,600,0,92,61,7,0,0,9,0
53399,X.X.X.X,25801,4434,4650,600,0,110,61,7,0,0,9,0
63458,X.X.X.X,32531,5410,4860,600,0,128,61,5,0,0,9,0
73513,X.X.X.X,39351,6386,4920,600,0,146,61,5,0,0,9,0
83595,X.X.X.X,68051,7748,5758,570,0,164,61,6,0,0,17,0
93596,X.X.X.X,94404,9340,45272,668,1,188,61,5,0,0,20,0
103603,X.X.X.X,101996,10840,6421,612,2,212,61,5,0,0,20,0
113604,X.X.X.X,109506,13291,6162,1441,2,247,61,5,0,0,20,0
123610,X.X.X.X,113952,16276,1000,898,6,286,64,13,0,0,20,0
133612,X.X.X.X,117287,18329,2323,1301,6,312,61,7,0,0,20,0
143613,X.X.X.X,122163,22196,3113,2489,6,350,61,7,0,0,20,0
153619,X.X.X.X,128916,26241,4918,2639,6,397,61,6,0,0,21,0
163625,X.X.X.X,136747,30192,5849,2411,6,440,61,4,0,0,22,0
173634,X.X.X.X,153286,35666,13644,3262,6,490,61,4,0,0,22,0
183643,X.X.X.X,184691,42128,28212,3932,6,545,61,4,0,0,23,0
193654,X.X.X.X,207983,48079,20186,3525,6,592,61,4,0,0,24,0
203665,X.X.X.X,229611,53073,19120,2938,7,632,61,4,0,0,24,0
213674,X.X.X.X,275838,59415,42330,3140,7,677,61,4,0,0,24,0
223675,X.X.X.X,312170,67406,31503,3995,7,731,61,4,0,0,24,0
233683,X.X.X.X,359610,75366,42455,3858,7,788,61,5,0,0,25,0
243689,X.X.X.X,418590,83545,31699,1659,7,844,61,4,0,0,26,0
253702,X.X.X.X,469312,92076,45532,4125,7,901,61,4,0,0,26,0
263706,X.X.X.X,517292,99734,43375,3740,7,952,61,4,0,0,26,0
273714,X.X.X.X,579095,107921,56374,3853,7,1009,61,5,0,0,27,0
283720,X.X.X.X,640982,116785,56743,4234,7,1066,61,4,0,0,28,0
293729,X.X.X.X,703868,125201,57048,3910,7,1120,61,4,0,0,29,0
303732,X.X.X.X,781194,133759,67240,3888,13,1179,98,64,0,0,29,0
313737,X.X.X.X,842256,142380,55753,4207,13,1236,61,6,0,0,29,0
323740,X.X.X.X,891890,150061,44913,3799,14,1288,61,4,0,0,29,0
333753,X.X.X.X,942041,157717,45199,3724,14,1338,61,4,0,0,29,0
343754,X.X.X.X,1010343,166256,63156,3935,15,1392,61,4,0,0,30,0
353766,X.X.X.X,1056188,174033,39905,3847,15,1443,61,4,0,0,31,0
363773,X.X.X.X,1114229,181605,20538,1565,15,1486,61,4,0,0,32,0
373787,X.X.X.X,1174274,190209,54962,4086,15,1550,61,4,0,0,33,0
383799,X.X.X.X,1245446,199324,65688,4441,17,1625,62,9,0,0,34,0
393812,X.X.X.X,1308182,206770,57531,3146,17,1654,61,6,0,0,35,0
403813,X.X.X.X,1377163,212606,64592,1974,17,1674,61,5,0,0,35,0
413822,X.X.X.X,1414098,217589,33193,1851,18,1699,61,5,0,0,35,0
423826,X.X.X.X,1476282,223885,57734,2442,18,1718,61,5,0,0,35,0
433840,X.X.X.X,1530265,228133,50197,1172,18,1741,61,4,0,0,35,0
443850,X.X.X.X,1574564,234340,39705,2487,18,1765,61,5,0,0,35,0
453856,X.X.X.X,1630767,240814,51397,2446,18,1784,61,4,0,0,35,0
463859,X.X.X.X,1681046,245211,46779,1285,18,1803,61,4,0,0,36,0
473868,X.X.X.X,1726123,252609,40123,3396,18,1843,61,4,0,0,36,0
483873,X.X.X.X,1777322,260392,23197,1538,18,1892,61,4,0,0,36,0
493874,X.X.X.X,1816115,268012,33979,3674,18,1943,61,4,0,0,36,0
503875,X.X.X.X,1863734,275836,42339,3706,18,1990,61,4,0,0,37,0
513884,X.X.X.X,1931278,284288,62271,4048,18,2044,61,4,0,0,37,0
523891,X.X.X.X,1996176,292675,59873,3835,18,2091,61,4,0,0,38,0
533892,X.X.X.X,2054662,301060,53279,4141,20,2159,61,5,0,0,38,0
543903,X.X.X.X,2130617,309518,70866,3962,20,2206,61,4,0,0,39,0
553917,X.X.X.X,2184644,318328,46444,4122,23,2259,61,7,0,0,39,0
563926,X.X.X.X,2230553,326353,40917,3935,23,2307,61,7,0,0,39,0
573932,X.X.X.X,2303260,335094,67226,4173,23,2355,61,4,0,0,39,0
583940,X.X.X.X,2362895,343305,54443,3927,23,2405,61,4,0,0,40,0
593947,X.X.X.X,2413215,351683,44679,4020,23,2457,61,5,0,0,40,0
603948,X.X.X.X,2492213,360011,37690,1808,25,2509,61,4,0,0,40,0
613950,X.X.X.X,2556634,368494,53462,4055,28,2566,65,14,0,0,41,0
623960,X.X.X.X,2593047,375678,32177,3712,28,2618,61,6,0,0,41,0
633968,X.X.X.X,2649543,383848,51332,3970,28,2674,61,5,0,0,41,0
643971,X.X.X.X,2711462,392413,56726,4023,29,2728,61,7,0,0,41,0
653981,X.X.X.X,2754317,400183,38001,3850,29,2784,61,5,0,0,41,0
663983,X.X.X.X,2817766,408409,58341,3874,29,2836,61,5,0,0,41,0
673990,X.X.X.X,2871611,416389,48778,3762,29,2879,61,4,0,0,42,0
683995,X.X.X.X,2925476,423937,49015,3634,29,2929,61,4,0,0,42,0
694005,X.X.X.X,2992455,431675,62149,3680,29,2980,61,4,0,0,42,0
704022,X.X.X.X,3056007,439484,58655,3599,30,3027,61,4,0,0,43,0
714028,X.X.X.X,3089030,446320,28861,3560,30,3077,61,4,0,0,43,0
724029,X.X.X.X,3161412,454597,34368,1771,30,3126,61,4,0,0,43,0
734035,X.X.X.X,3240812,463204,74647,4049,32,3177,61,4,0,0,43,0
744047,X.X.X.X,3284779,470589,39144,3425,32,3218,61,4,0,0,43,0
754055,X.X.X.X,3340160,478588,50288,3865,32,3271,61,4,0,0,43,0
764061,X.X.X.X,3390575,486742,45452,3900,35,3327,62,7,0,0,43,0
774070,X.X.X.X,3426780,494005,31308,3523,36,3377,61,5,0,0,43,0
784071,X.X.X.X,3495940,502127,63932,3890,36,3433,61,4,0,0,43,0
794073,X.X.X.X,3555462,510605,54393,4142,36,3489,61,4,0,0,43,0
804081,X.X.X.X,3610961,518607,50865,4190,36,3538,61,4,0,0,45,0
814088,X.X.X.X,3691008,527956,74609,4555,36,3605,61,4,0,0,45,0
824101,X.X.X.X,3741463,534844,46107,3100,36,3641,61,4,0,0,45,0
834112,X.X.X.X,3780866,541997,34958,3565,36,3687,61,4,0,0,46,0
844119,X.X.X.X,3840432,549714,24360,1592,38,3741,61,4,0,0,46,0
854122,X.X.X.X,3883740,557116,38549,3602,39,3802,61,4,0,0,46,0
864128,X.X.X.X,3944877,565112,55878,3854,39,3850,61,4,0,0,46,0
874138,X.X.X.X,4011360,573463,61434,4035,39,3899,61,4,0,0,46,0
884142,X.X.X.X,4065864,581456,49550,3865,39,3945,61,4,0,0,46,0
894151,X.X.X.X,4136733,589905,65470,4045,39,3994,61,4,0,0,47,0
904157,X.X.X.X,4230108,598969,87736,4096,40,4041,61,4,0,0,47,0
914163,X.X.X.X,4273550,604296,39641,2151,41,4070,61,7,0,0,47,0
924167,X.X.X.X,4318765,608205,41697,1041,41,4091,61,7,0,0,48,0
934176,X.X.X.X,4367842,613095,45031,1716,41,4121,61,5,0,0,49,0
944178,X.X.X.X,4413162,618617,40825,1948,41,4140,61,4,0,0,49,0
954183,X.X.X.X,4457090,625987,38768,3364,41,4181,61,4,0,0,49,0
964188,X.X.X.X,4513017,632621,24810,1427,41,4217,61,4,0,0,49,0
974196,X.X.X.X,4548646,639552,31279,3465,41,4258,61,4,0,0,49,0
984204,X.X.X.X,4598533,646895,45038,3511,41,4302,61,5,0,0,49,0
994213,X.X.X.X,4662911,653582,60013,3045,41,4339,61,4,0,0,49,0
1004214,X.X.X.X,4719316,661539,51426,3637,41,4383,61,4,0,0,50,0
1014215,X.X.X.X,4772378,669130,48162,3663,41,4427,61,4,0,0,50,0
1024222,X.X.X.X,4842577,677384,65126,3902,42,4483,61,4,0,0,50,0
1034231,X.X.X.X,4906956,685496,59027,3770,42,4532,61,5,0,0,51,0
1044235,X.X.X.X,4944564,692081,32198,3227,49,4583,89,51,0,0,51,0
1054257,X.X.X.X,5019618,699931,70122,3780,49,4663,61,5,0,0,51,0
1064260,X.X.X.X,5070312,708306,45510,4121,49,4715,61,5,0,0,51,0
1074265,X.X.X.X,5117263,715495,42588,3663,49,4759,62,7,0,0,51,0
1084279,X.X.X.X,5188434,723899,29423,1785,49,4843,61,4,0,0,51,0
1094293,X.X.X.X,5249472,731772,55910,3531,49,4882,61,4,0,0,51,0
1104299,X.X.X.X,5310212,740173,54971,4017,49,4936,61,4,0,0,52,0
1114305,X.X.X.X,5387127,748045,71798,3584,49,4978,61,3,0,0,53,0
1124318,X.X.X.X,5444754,755869,52897,3720,49,5026,61,4,0,0,53,0
1134321,X.X.X.X,5494252,762156,45443,2939,49,5064,62,5,0,0,53,0
1144322,X.X.X.X,5564617,766985,66697,1513,49,5082,61,5,0,0,53,0
1154331,X.X.X.X,5622222,771178,53221,1111,49,5102,61,5,0,0,53,0
1164332,X.X.X.X,5668833,774715,43718,929,49,5122,61,5,0,0,54,0
1174335,X.X.X.X,5734526,780197,61671,2102,49,5155,61,4,0,0,55,0
1184340,X.X.X.X,5789226,786681,50674,2998,49,5192,61,4,0,0,55,0
1194346,X.X.X.X,5829686,793524,36146,3375,49,5233,61,4,0,0,55,0
1204349,X.X.X.X,5896186,801203,31120,1763,49,5281,61,4,0,0,55,0
1214357,X.X.X.X,5949965,808207,49481,3368,49,5324,61,5,0,0,56,0
1224360,X.X.X.X,5978864,814301,25172,3194,49,5366,61,4,0,0,56,0
1234365,X.X.X.X,6040272,821735,56354,3566,50,5417,61,4,0,0,56,0
1244371,X.X.X.X,6093115,829126,48252,3667,50,5463,61,4,0,0,56,0
1254379,X.X.X.X,6151962,837346,54083,4148,50,5511,61,4,0,0,56,0
1264383,X.X.X.X,6236374,845529,78349,3613,50,5558,61,4,0,0,56,0
1274406,X.X.X.X,6292244,853608,51330,4071,50,5612,61,4,0,0,57,0
1284412,X.X.X.X,6364383,861597,66320,3611,52,5662,61,7,0,0,58,0
1294416,X.X.X.X,6457885,869167,84587,2894,54,5682,81,40,0,0,59,0
1304431,X.X.X.X,6519754,875393,57737,2416,54,5700,61,7,0,0,59,0
1314438,X.X.X.X,6551548,879594,28016,1419,54,5718,61,5,0,0,59,0
1324453,X.X.X.X,6595657,885322,24261,962,54,5737,61,4,0,0,59,0
1334461,X.X.X.X,6632910,890337,33509,1813,54,5760,61,5,0,0,59,0
1344462,X.X.X.X,6662181,894342,25972,1289,54,5783,61,5,0,0,59,0
1354468,X.X.X.X,6705557,900633,39347,2899,54,5820,61,5,0,0,59,0
1364476,X.X.X.X,6757018,907845,47117,3274,54,5866,61,5,0,0,59,0
1374483,X.X.X.X,6818386,915401,56292,3464,54,5915,60,4,0,0,60,0
1384489,X.X.X.X,6889262,923518,65627,3781,57,5961,61,6,0,0,60,0
1394496,X.X.X.X,6960391,931499,66048,3573,57,6001,61,4,0,0,60,0
1404510,X.X.X.X,7021516,939057,56399,3602,57,6046,61,4,0,0,60,0
1414522,X.X.X.X,7103310,948511,73680,4622,64,6161,61,9,0,0,60,0
1424525,X.X.X.X,7153479,955978,45216,3525,64,6213,60,6,0,0,60,0
1434526,X.X.X.X,7189220,962440,31388,3344,64,6257,61,4,0,0,60,0
1444535,X.X.X.X,7269717,969873,35590,1446,64,6300,60,4,0,0,61,0
1454542,X.X.X.X,7309145,976439,35003,3112,64,6352,60,4,0,0,62,0
1464553,X.X.X.X,7396997,984155,82327,2996,64,6382,60,4,0,0,64,0
1474566,X.X.X.X,7481595,991372,80006,3181,64,6419,60,4,0,0,64,0
1484568,X.X.X.X,7540908,999778,54225,4178,64,6463,60,4,0,0,65,0
1494574,X.X.X.X,7610537,1007898,64444,3874,64,6516,61,5,0,0,65,0
1504593,X.X.X.X,7682056,1015200,65380,3286,64,6563,61,4,0,0,66,0
1514600,X.X.X.X,7757253,1023188,70015,3630,64,6615,61,4,0,0,67,0
1524603,X.X.X.X,7825331,1031607,62625,4037,64,6668,61,4,0,0,68,0
1534620,X.X.X.X,7899939,1040833,68893,4362,64,6724,60,4,0,0,68,0
1544634,X.X.X.X,7962934,1050128,57340,4553,64,6769,61,4,0,0,69,0
1554644,X.X.X.X,8015656,1058315,47490,3923,64,6808,61,4,0,0,69,0
1564654,X.X.X.X,8074983,1066018,29934,1903,64,6864,61,6,0,0,69,0
1574658,X.X.X.X,8115694,1071270,36947,2206,64,6891,61,6,0,0,69,0
1584660,X.X.X.X,8147605,1074593,29028,1049,64,6910,61,6,0,0,69,0
1594666,X.X.X.X,8186565,1078348,35619,1103,64,6929,61,7,0,0,69,0
1604674,X.X.X.X,8233319,1084381,42415,2393,64,6955,61,7,0,0,69,0
1614680,X.X.X.X,8277852,1089741,40527,2016,64,6978,61,7,0,0,69,0
1624684,X.X.X.X,8347430,1096142,65036,2401,64,7006,61,7,0,0,69,0
1634695,X.X.X.X,8414506,1103775,62229,3567,64,7041,61,5,0,0,70,0
1644700,X.X.X.X,8477716,1111025,58671,3374,64,7077,61,4,0,0,70,0
1654713,X.X.X.X,8545826,1118928,63296,3761,66,7117,61,4,0,0,71,0
1664726,X.X.X.X,8614592,1126834,63899,3670,66,7186,61,4,0,0,71,0
1674732,X.X.X.X,8668830,1134716,49046,3816,66,7233,61,4,0,0,71,0
1684735,X.X.X.X,8727927,1141718,32763,1566,66,7279,61,4,0,0,71,0
1694736,X.X.X.X,8788117,1149093,55025,3363,66,7333,61,4,0,0,73,0
1704746,X.X.X.X,8838414,1156203,45487,3168,67,7372,60,4,0,0,73,0
1714759,X.X.X.X,8913477,1165339,69737,4406,69,7425,61,6,0,0,73,0
1724769,X.X.X.X,8973170,1174339,54378,4560,69,7521,61,6,0,0,74,0
1734776,X.X.X.X,9040911,1179657,63610,1746,69,7539,61,6,0,0,75,0
1744777,X.X.X.X,9079729,1184211,35059,1588,69,7558,61,6,0,0,75,0
1754778,X.X.X.X,9130261,1189972,46070,2103,69,7577,60,6,0,0,75,0
1764779,X.X.X.X,9162842,1193765,29342,1251,69,7598,60,4,0,0,75,0
1774793,X.X.X.X,9214792,1199896,47338,2333,69,7623,60,4,0,0,75,0
1784804,X.X.X.X,9262489,1204945,43973,1949,69,7644,60,4,0,0,75,0
1794813,X.X.X.X,9310982,1211479,44011,2816,69,7672,60,4,0,0,75,0
1804821,X.X.X.X,9376950,1219545,36582,2108,69,7717,60,4,0,0,75,0
1814832,X.X.X.X,9453445,1228803,70998,4338,69,7768,60,4,0,0,75,0
1824841,X.X.X.X,9493109,1235514,35522,3181,69,7805,60,4,0,0,75,0
1834852,X.X.X.X,9541278,1243474,43634,4124,69,7851,60,4,0,0,76,0
1844860,X.X.X.X,9607278,1251402,60842,3648,69,7890,60,4,0,0,78,0
1854869,X.X.X.X,9662793,1256931,51385,2039,69,7908,60,4,0,0,79,0
1864884,X.X.X.X,9738062,1263663,70040,2492,69,7927,60,4,0,0,80,0
1874888,X.X.X.X,9839224,1271700,95838,3051,69,7945,60,4,0,0,81,0
1884893,X.X.X.X,9884639,1277218,41198,2140,69,7964,61,5,0,0,82,0
1894903,X.X.X.X,9927045,1281693,38438,1645,69,7989,61,5,0,0,82,0
1904914,X.X.X.X,9974381,1288480,42963,3019,69,8023,61,4,0,0,82,0
1914924,X.X.X.X,10021910,1295165,42748,2839,69,8051,61,4,0,0,82,0
1924929,X.X.X.X,10075953,1302254,32332,2057,69,8082,61,4,0,0,82,0
1934951,X.X.X.X,10142375,1310749,61066,3847,69,8135,61,4,0,0,83,0
1944962,X.X.X.X,10222548,1319594,74361,4117,70,8212,61,4,0,0,85,0
1954974,X.X.X.X,10263216,1324296,36807,1552,70,8230,61,4,0,0,85,0
1964979,X.X.X.X,10319268,1330282,51604,2168,70,8248,61,4,0,0,85,0
1974984,X.X.X.X,10392115,1336680,63375,2164,72,8268,63,12,0,0,85,0
1984989,X.X.X.X,10430612,1340525,34963,971,72,8286,61,7,0,0,85,0
1994993,X.X.X.X,10477685,1345069,43244,1440,72,8308,61,7,0,0,85,0
2004995,X.X.X.X,10514145,1349199,33148,1420,72,8330,61,7,0,0,85,0
2015007,X.X.X.X,10586485,1356190,67477,2959,73,8374,61,7,0,0,87,0
2025011,X.X.X.X,10636475,1363846,44906,3486,73,8408,61,6,0,0,88,0
2035019,X.X.X.X,10672998,1370425,32020,2861,73,8428,61,7,0,0,88,0
2045024,X.X.X.X,10730992,1377748,26158,1607,73,8446,61,7,0,0,88,0
2055026,X.X.X.X,10813301,1384918,77288,2712,73,8464,61,7,0,0,88,0
2065031,X.X.X.X,10891515,1392744,72956,3056,73,8482,61,7,0,0,89,0
2075032,X.X.X.X,10970625,1400255,73506,3319,73,8523,61,7,0,0,91,0
2085053,X.X.X.X,11026399,1409785,50012,4736,73,8610,61,6,0,0,91,0
2095063,X.X.X.X,11071416,1418290,39948,4279,73,8688,61,4,0,0,91,0
2105072,X.X.X.X,11117608,1424645,41687,2685,73,8723,61,4,0,0,92,0
2115080,X.X.X.X,11166160,1431535,43748,2864,73,8741,61,4,0,0,92,0
2125086,X.X.X.X,11204998,1436588,34724,1749,74,8761,61,4,0,0,92,0
2135101,X.X.X.X,11250928,1440610,42372,1064,74,8780,61,4,0,0,92,0
2145112,X.X.X.X,11305976,1445771,50195,1699,74,8799,61,4,0,0,92,0
2155118,X.X.X.X,11359962,1451124,50088,2039,74,8825,61,4,0,0,92,0
2165124,X.X.X.X,11405562,1454590,22260,527,74,8845,61,4,0,0,92,0
2175126,X.X.X.X,11451603,1460775,42212,2937,74,8885,61,4,0,0,92,0
2185128,X.X.X.X,11503142,1468187,47448,3850,74,8928,61,4,0,0,92,0
2195141,X.X.X.X,11561624,1475608,53996,3695,74,8972,61,4,0,0,92,0
2205142,X.X.X.X,11621813,1484360,54526,4154,75,9026,61,4,0,0,92,0
2215149,X.X.X.X,11704856,1493421,75473,4301,78,9073,92,55,0,0,94,0
2225152,X.X.X.X,11769336,1501073,59640,3700,78,9117,61,7,0,0,94,0
2235155,X.X.X.X,11827799,1508221,53719,3296,78,9161,60,5,0,0,94,0
2245167,X.X.X.X,11873571,1513875,41649,2350,78,9184,60,4,0,0,94,0
2255178,X.X.X.X,11916872,1518974,39295,1921,78,9211,60,4,0,0,94,0
2265185,X.X.X.X,11979655,1525930,58040,2850,78,9234,61,5,0,0,94,0
2275192,X.X.X.X,12028477,1532330,44477,2666,78,9265,61,4,0,0,94,0
2285197,X.X.X.X,12089534,1538410,31579,1311,78,9304,60,4,0,0,94,0
2295209,X.X.X.X,12128119,1545283,34290,3317,78,9341,60,4,0,0,94,0
2305213,X.X.X.X,12168485,1552583,35832,3612,78,9383,60,4,0,0,94,0
2315227,X.X.X.X,12220152,1560263,46898,3908,78,9437,60,4,0,0,94,0
2325238,X.X.X.X,12269387,1567206,45259,3633,78,9482,60,4,0,0,94,0
2335242,X.X.X.X,12319613,1574406,45546,3434,78,9530,60,4,0,0,95,0
2345254,X.X.X.X,12376397,1581266,52133,3312,78,9570,60,4,0,0,95,0
2355264,X.X.X.X,12410553,1587400,30313,3096,78,9606,61,4,0,0,95,0
2365271,X.X.X.X,12488073,1594143,72720,2935,78,9652,61,4,0,0,95,0
2375288,X.X.X.X,12557201,1599744,65064,2475,78,9696,60,4,0,0,95,0
2385297,X.X.X.X,12641807,1606287,79997,2807,78,9738,60,4,0,0,96,0
2395309,X.X.X.X,12736704,1615543,89787,4522,78,9786,60,4,0,0,98,0
2405311,X.X.X.X,12819698,1624906,48975,2618,78,9848,60,4,0,0,98,0
2415313,X.X.X.X,12881667,1631829,57398,3229,78,9899,60,4,0,0,98,0
2425315,X.X.X.X,12919680,1635696,34702,1021,78,9919,60,4,0,0,98,0
2435326,X.X.X.X,12961576,1640024,38164,1400,78,9945,60,4,0,0,98,0
2445333,X.X.X.X,13009898,1648711,43030,4189,78,9991,60,4,0,0,98,0
2455338,X.X.X.X,13040209,1655612,26179,3579,78,10038,60,4,0,0,98,0
2465344,X.X.X.X,13105289,1662915,60094,3379,78,10083,61,5,0,0,99,0
2475347,X.X.X.X,13149007,1670153,39134,3524,78,10130,61,4,0,0,99,0
2485356,X.X.X.X,13192254,1677151,38443,3312,79,10175,61,7,0,0,99,0
2495361,X.X.X.X,13250620,1685667,53395,4270,79,10219,61,7,0,0,99,0
2505367,X.X.X.X,13333206,1694994,76631,4477,81,10304,61,6,0,0,99,0
2515380,X.X.X.X,13421813,1704512,83254,4558,81,10372,61,4,0,0,99,0
2525388,X.X.X.X,13503933,1711191,44351,1452,84,10392,115,91,0,0,100,0
2535401,X.X.X.X,13556645,1717892,47772,2667,84,10410,63,13,0,0,101,0
2545410,X.X.X.X,13612084,1724345,50692,2561,84,10429,60,7,0,0,102,0
2555414,X.X.X.X,13676702,1731253,59617,2698,84,10448,60,7,0,0,102,0
2565426,X.X.X.X,13721188,1737770,39397,2407,84,10467,60,4,0,0,102,0
2575434,X.X.X.X,13764165,1743866,38525,2464,84,10486,60,4,0,0,103,0
2585437,X.X.X.X,13769175,1744582,4394,274,89,10501,60,4,0,0,103,0
2014-11-14T13-24-50: Memory Allocations 
 Current Allocations = 0 
 Total Allocations = 577180 
 Max Allocations = 351 
 Out of Pool Allocations = 14686 
 Out of Pool dealloc = 14686 

