2018-07-08T04-42-05: LogOut_File: : logfile started
2018-07-08T04-42-05: Net Status: low-level initialize success.
2018-07-08T04-42-05: Note that this new version (12/19/2011) has reduced the frequency of updates so the numbers will be larger
2018-07-08T04-42-05: time = time of logging
2018-07-08T04-42-05: address = address of IP address
2018-07-08T04-42-05: incoming = total size of messages set to me in bytes. Spikes can indicate lag.
2018-07-08T04-42-05: outgoing = total size of messages set from me in bytes. Spikes can indicate lag.
2018-07-08T04-42-05: app_ctos = client to server bytes delta excluding overheads (app data only)
2018-07-08T04-42-05: app_stoc = server to client bytes delta excluding overheads (app data only)
2018-07-08T04-42-05: loss = number of packets lost. Can indicate lags.  Some node on the network is dropping packets or taking to long and we have to resend them.
2018-07-08T04-42-05: sent = number of packets sent. Spikes can indicate lag.
2018-07-08T04-42-05: ping = how long it takes for a packet to get back and forth. Spikes can indicate lag.
2018-07-08T04-42-05: variance = how much the ping is changing from avg ping. Spikes can indicate lag.
2018-07-08T04-42-05: reliable delayed = This occurs when we drop reliable packets from sending this frame because we are sending to much data. Unreliable are more likely to be dropped than reliable.
2018-07-08T04-42-05: unreliable delayed = This occurs when we drop unreliable packets from sending this frame because we are sending to much data.
2018-07-08T04-42-05: app update delayed = This occurs when the app is taking to long to run code caused by network packets (ie CPU) and packets are delayed until the next frame
2018-07-08T04-42-05: Time spent in critical section (frame) = This is the time the network thread is blocking the main thread from doing anything.
2018-07-08T04-42-05: [time], [address], [incoming], [outgoing], [app_ctos], [app_stoc], [loss], [sent], [ping], [variance], [reliable delayed], [unreliable delayed], [app update delayed], [Time spent in critical section (frame)]
1008,X.X.X.X,90,106,0,0,0,2,438,109,0,0,0,0
11201,X.X.X.X,16267,1177,11253,655,0,29,16,24,0,0,5,0
21226,X.X.X.X,18895,2000,4192,331,0,53,7,7,0,0,5,0
31233,X.X.X.X,20918,2425,1349,103,0,73,7,7,0,0,5,0
41265,X.X.X.X,22825,2833,1233,94,0,93,7,7,0,0,5,0
51269,X.X.X.X,24848,3258,1349,103,0,113,7,7,0,0,5,0
61317,X.X.X.X,26871,3683,1349,103,0,133,7,6,0,0,5,0
71342,X.X.X.X,28926,4108,1367,103,0,153,7,6,0,0,5,0
81384,X.X.X.X,30801,4516,1215,94,0,173,7,6,0,0,5,0
91433,X.X.X.X,32824,4941,1349,103,0,193,7,6,0,0,5,0
101474,X.X.X.X,35045,5383,1511,112,0,213,7,6,0,0,5,0
111493,X.X.X.X,39732,6114,3761,265,0,233,7,6,0,0,5,0
121497,X.X.X.X,44715,6879,4029,283,0,253,7,6,0,0,5,0
131543,X.X.X.X,49550,7627,3895,274,0,273,7,5,0,0,5,0
141594,X.X.X.X,54533,8392,4029,283,0,293,7,5,0,0,5,0
151610,X.X.X.X,59368,9140,3895,274,0,313,7,5,0,0,5,0
161620,X.X.X.X,64351,9905,4029,283,0,333,7,5,0,0,5,0
171647,X.X.X.X,69038,10636,3761,265,0,353,7,5,0,0,5,0
181660,X.X.X.X,74021,11401,4029,283,0,373,7,5,0,0,5,0
191713,X.X.X.X,78856,12149,3895,274,0,393,7,5,0,0,5,0
201716,X.X.X.X,83839,12914,4029,283,0,413,7,5,0,0,5,0
211718,X.X.X.X,88674,13662,3895,274,0,433,7,5,0,0,5,0
221762,X.X.X.X,93503,14410,3895,274,0,453,7,5,0,0,5,0
231787,X.X.X.X,98338,15158,3895,274,0,473,7,5,0,0,5,0
241827,X.X.X.X,103315,15923,4029,283,0,493,7,5,0,0,5,0
251849,X.X.X.X,108150,16671,3895,274,0,513,7,5,0,0,5,0
261858,X.X.X.X,112985,17419,3895,274,0,533,7,5,0,0,5,0
271868,X.X.X.X,117820,18167,3895,274,0,553,7,5,0,0,5,0
281902,X.X.X.X,122803,18932,4029,283,0,573,7,5,0,0,5,0
291946,X.X.X.X,127638,19680,3895,274,0,593,7,5,0,0,5,0
301965,X.X.X.X,132467,20428,3895,274,0,613,7,5,0,0,5,0
312014,X.X.X.X,137296,21176,3895,274,0,633,7,5,0,0,5,0
322042,X.X.X.X,142131,21924,3895,274,0,653,7,5,0,0,5,0
332094,X.X.X.X,147262,22706,4163,292,0,673,7,5,0,0,5,0
342132,X.X.X.X,152097,23454,3895,274,0,693,7,5,0,0,5,0
352184,X.X.X.X,156932,24202,3895,274,0,713,7,5,0,0,5,0
362202,X.X.X.X,161613,24933,3761,265,0,733,7,5,0,0,5,0
372219,X.X.X.X,166610,25702,4029,283,0,754,7,5,0,0,5,0
382271,X.X.X.X,171445,26450,3895,274,0,774,7,5,0,0,5,0
392299,X.X.X.X,176280,27198,3895,274,0,794,7,5,0,0,5,0
402331,X.X.X.X,180967,27929,3761,265,0,814,7,5,0,0,5,0
412350,X.X.X.X,185950,28694,4029,283,0,834,7,5,0,0,5,0
422386,X.X.X.X,190637,29425,3761,265,0,854,7,5,0,0,5,0
432437,X.X.X.X,195620,30190,4029,283,0,874,7,5,0,0,5,0
442487,X.X.X.X,200307,30921,3761,265,0,894,7,5,0,0,5,0
452536,X.X.X.X,205290,31686,4029,283,0,914,7,5,0,0,5,0
462542,X.X.X.X,210125,32434,3895,274,0,934,7,5,0,0,5,0
472571,X.X.X.X,215256,33216,4163,292,0,954,7,4,0,0,5,0
482623,X.X.X.X,220091,33964,3895,274,0,974,7,4,0,0,5,0
492674,X.X.X.X,224920,34712,3895,274,0,994,7,4,0,0,5,0
502712,X.X.X.X,229755,35460,3895,274,0,1014,7,4,0,0,5,0
512763,X.X.X.X,234738,36225,4029,283,0,1034,7,4,0,0,5,0
522786,X.X.X.X,239573,36973,3895,274,0,1054,7,4,0,0,5,0
532836,X.X.X.X,244408,37721,3895,274,0,1074,7,4,0,0,5,0
542868,X.X.X.X,249095,38452,3761,265,0,1094,7,4,0,0,5,0
552904,X.X.X.X,254078,39217,4029,283,0,1114,7,4,0,0,5,0
562906,X.X.X.X,258913,39965,3895,274,0,1134,7,4,0,0,5,0
572942,X.X.X.X,263748,40713,3895,274,0,1154,7,4,0,0,5,0
582990,X.X.X.X,268435,41444,3761,265,0,1174,7,4,0,0,5,0
592993,X.X.X.X,273420,42213,4029,283,0,1195,7,4,0,0,5,0
603028,X.X.X.X,278255,42961,3895,274,0,1215,7,4,0,0,5,0
613064,X.X.X.X,283386,43743,4163,292,0,1235,7,4,0,0,5,0
623093,X.X.X.X,288061,44474,3761,265,0,1255,7,4,0,0,5,0
633145,X.X.X.X,292890,45222,3895,274,0,1275,7,4,0,0,5,0
643189,X.X.X.X,297725,45970,3895,274,0,1295,7,4,0,0,5,0
653215,X.X.X.X,302560,46718,3895,274,0,1315,7,4,0,0,5,0
663253,X.X.X.X,307383,47466,3895,274,0,1335,7,4,0,0,5,0
673304,X.X.X.X,312212,48214,3895,274,0,1355,7,4,0,0,5,0
683336,X.X.X.X,317189,48979,4029,283,0,1375,7,4,0,0,5,0
693359,X.X.X.X,322024,49727,3895,274,0,1395,7,4,0,0,5,0
703382,X.X.X.X,327007,50492,4029,283,0,1415,7,4,0,0,5,0
713420,X.X.X.X,331694,51223,3761,265,0,1435,7,4,0,0,5,0
723475,X.X.X.X,336677,51988,4029,283,0,1455,7,4,0,0,5,0
733480,X.X.X.X,341364,52719,3761,265,0,1475,7,4,0,0,5,0
743496,X.X.X.X,346335,53476,4029,283,0,1495,7,4,0,0,5,0
753499,X.X.X.X,351170,54224,3895,274,0,1515,7,4,0,0,5,0
763534,X.X.X.X,355851,54955,3761,265,0,1535,7,4,0,0,5,0
773535,X.X.X.X,360834,55720,4029,283,0,1555,7,4,0,0,5,0
783585,X.X.X.X,365817,56485,4029,283,0,1575,7,4,0,0,5,0
793614,X.X.X.X,370800,57250,4029,283,0,1595,7,4,0,0,5,0
803666,X.X.X.X,375487,57981,3761,265,0,1615,7,4,0,0,5,0
813694,X.X.X.X,380484,58746,4029,283,1,1636,8,7,0,0,5,0
823720,X.X.X.X,385319,59494,3895,274,1,1656,7,7,0,0,5,0
833731,X.X.X.X,390302,60259,4029,283,1,1676,7,7,0,0,5,0
843768,X.X.X.X,394841,60973,3627,256,1,1696,7,7,0,0,5,0
853782,X.X.X.X,399824,61738,4029,283,1,1716,7,7,0,0,5,0
863827,X.X.X.X,404511,62469,3761,265,1,1736,7,7,0,0,5,0
873844,X.X.X.X,409346,63217,3895,274,1,1756,7,7,0,0,5,0
883855,X.X.X.X,414329,63982,4029,283,1,1776,7,7,0,0,5,0
893860,X.X.X.X,419016,64713,3761,265,1,1796,7,6,0,0,5,0
903879,X.X.X.X,423999,65478,4029,283,1,1816,7,6,0,0,5,0
913927,X.X.X.X,428834,66226,3895,274,1,1836,7,6,0,0,5,0
923951,X.X.X.X,433817,66991,4029,283,1,1856,7,6,0,0,5,0
933959,X.X.X.X,438356,67705,3627,256,1,1876,7,6,0,0,5,0
943981,X.X.X.X,443339,68470,4029,283,1,1896,7,6,0,0,5,0
954025,X.X.X.X,447878,69184,3627,256,1,1916,7,6,0,0,5,0
964070,X.X.X.X,453003,69966,4163,292,1,1936,7,6,0,0,5,0
974097,X.X.X.X,457690,70697,3761,265,1,1956,7,6,0,0,5,0
984126,X.X.X.X,462667,71462,4029,283,1,1976,7,6,0,0,5,0
994139,X.X.X.X,467496,72210,3895,274,1,1996,7,6,0,0,5,0
1004163,X.X.X.X,472487,72979,4029,283,1,2017,7,6,0,0,5,0
1014168,X.X.X.X,477020,73693,3627,256,1,2037,7,6,0,0,5,0
1024196,X.X.X.X,481997,74458,4029,283,1,2057,7,6,0,0,5,0
1034235,X.X.X.X,486832,75206,3895,274,1,2077,7,6,0,0,5,0
1044276,X.X.X.X,491667,75954,3895,274,1,2097,7,6,0,0,5,0
1054318,X.X.X.X,496502,76702,3895,274,1,2117,7,6,0,0,5,0
1064336,X.X.X.X,501337,77450,3895,274,1,2137,7,6,0,0,5,0
1074341,X.X.X.X,506320,78215,4029,283,1,2157,7,6,0,0,5,0
1084355,X.X.X.X,511155,78963,3895,274,1,2177,7,6,0,0,5,0
1094375,X.X.X.X,515990,79711,3895,274,1,2197,7,6,0,0,5,0
1104405,X.X.X.X,520677,80442,3761,265,1,2217,7,6,0,0,5,0
1114421,X.X.X.X,525660,81207,4029,283,1,2237,7,6,0,0,5,0
1124429,X.X.X.X,530483,81947,3895,274,1,2257,7,6,0,0,5,0
1134446,X.X.X.X,535466,82712,4029,283,1,2277,7,6,0,0,5,0
1144488,X.X.X.X,540153,83443,3761,265,1,2297,7,6,0,0,5,0
1154527,X.X.X.X,545136,84208,4029,283,1,2317,7,6,0,0,5,0
1164558,X.X.X.X,550119,84973,4029,283,1,2337,7,6,0,0,5,0
1174569,X.X.X.X,555096,85738,4029,283,1,2357,7,6,0,0,5,0
1184589,X.X.X.X,559783,86469,3761,265,1,2377,7,6,0,0,5,0
1194620,X.X.X.X,564766,87234,4029,283,1,2397,7,6,0,0,5,0
1204650,X.X.X.X,569601,87982,3895,274,1,2417,7,6,0,0,5,0
1214697,X.X.X.X,574578,88747,4029,283,1,2437,7,6,0,0,5,0
1224701,X.X.X.X,579265,89478,3761,265,1,2457,7,6,0,0,5,0
1234722,X.X.X.X,584248,90243,4029,283,1,2477,7,6,0,0,5,0
1244752,X.X.X.X,589083,90991,3895,274,1,2497,7,6,0,0,5,0
1254802,X.X.X.X,593770,91722,3761,265,1,2517,7,6,0,0,5,0
1264812,X.X.X.X,598605,92470,3895,274,1,2537,7,6,0,0,5,0
1274844,X.X.X.X,603440,93218,3895,274,1,2557,7,6,0,0,5,0
1284892,X.X.X.X,608423,93983,4029,283,1,2577,7,6,0,0,5,0
1294916,X.X.X.X,613104,94714,3761,265,1,2597,7,6,0,0,5,0
1304964,X.X.X.X,618081,95479,4029,283,1,2617,7,6,0,0,5,0
1315019,X.X.X.X,622762,96210,3761,265,1,2637,7,6,0,0,5,0
1325058,X.X.X.X,627893,96992,4163,292,1,2657,7,6,0,0,5,0
1335080,X.X.X.X,632728,97740,3895,274,1,2677,7,6,0,0,5,0
1345084,X.X.X.X,637711,98505,4029,283,1,2697,7,6,0,0,5,0
1355115,X.X.X.X,642398,99236,3761,265,1,2717,7,6,0,0,5,0
1365159,X.X.X.X,647381,100001,4029,283,1,2737,7,6,0,0,5,0
1375183,X.X.X.X,652216,100749,3895,274,1,2757,7,6,0,0,5,0
1385204,X.X.X.X,657199,101514,4029,283,1,2777,7,6,0,0,5,0
1395233,X.X.X.X,661886,102245,3761,265,1,2797,7,6,0,0,5,0
1405253,X.X.X.X,666721,102993,3895,274,1,2817,7,6,0,0,5,0
1415263,X.X.X.X,671408,103724,3761,265,1,2837,7,6,0,0,5,0
1425276,X.X.X.X,676391,104489,4029,283,1,2857,7,6,0,0,5,0
1435291,X.X.X.X,681220,105237,3895,274,1,2877,7,6,0,0,5,0
1445303,X.X.X.X,686055,105985,3895,274,1,2897,7,6,0,0,5,0
1455345,X.X.X.X,690890,106733,3895,274,1,2917,7,6,0,0,5,0
1465397,X.X.X.X,695873,107498,4029,283,1,2937,7,6,0,0,5,0
1475415,X.X.X.X,700708,108246,3895,274,1,2957,7,6,0,0,5,0
1485442,X.X.X.X,705691,109011,4029,283,1,2977,7,6,0,0,5,0
1495445,X.X.X.X,710230,109725,3627,256,1,2997,7,6,0,0,5,0
1505472,X.X.X.X,715213,110490,4029,283,1,3017,7,6,0,0,5,0
1515517,X.X.X.X,720062,111242,3895,274,1,3038,7,6,0,0,5,0
1525527,X.X.X.X,725031,112003,4029,283,1,3057,7,6,0,0,5,0
1535566,X.X.X.X,729880,112755,3895,274,1,3078,7,6,0,0,5,0
1545605,X.X.X.X,734863,113520,4029,283,1,3098,7,6,0,0,5,0
1555618,X.X.X.X,739698,114268,3895,274,1,3118,7,6,0,0,5,0
1565637,X.X.X.X,744681,115033,4029,283,1,3138,7,6,0,0,5,0
1575669,X.X.X.X,749512,115773,3895,274,2,3159,7,6,0,0,5,0
1585677,X.X.X.X,754347,116521,3895,274,2,3179,7,6,0,0,5,0
1595726,X.X.X.X,759324,117286,4029,283,2,3199,7,6,0,0,5,0
1605748,X.X.X.X,764011,118017,3761,265,2,3219,7,6,0,0,5,0
1615798,X.X.X.X,768994,118782,4029,283,2,3239,7,7,0,0,5,0
1625808,X.X.X.X,773681,119513,3761,265,2,3259,7,7,0,0,5,0
1635829,X.X.X.X,778516,120261,3895,274,2,3279,7,5,0,0,5,0
1645880,X.X.X.X,782907,120958,3493,247,2,3299,7,4,0,0,5,0
1655900,X.X.X.X,787890,121723,4029,283,2,3319,7,4,0,0,5,0
1665945,X.X.X.X,792719,122471,3895,274,2,3339,7,4,0,0,5,0
1675998,X.X.X.X,797702,123236,4029,283,2,3359,7,4,0,0,5,0
1686018,X.X.X.X,802241,123950,3627,256,2,3379,7,4,0,0,5,0
1696037,X.X.X.X,807224,124715,4029,283,2,3399,7,4,0,0,5,0
1706043,X.X.X.X,812059,125463,3895,274,2,3419,7,4,0,0,5,0
1716075,X.X.X.X,817190,126245,4163,292,2,3439,7,4,0,0,5,0
1726099,X.X.X.X,821877,126976,3761,265,2,3459,7,4,0,0,5,0
1736145,X.X.X.X,826860,127741,4029,283,2,3479,7,4,0,0,5,0
1746179,X.X.X.X,831695,128489,3895,274,2,3499,7,4,0,0,5,0
1756198,X.X.X.X,836678,129254,4029,283,2,3519,7,4,0,0,5,0
1766219,X.X.X.X,841365,129985,3761,265,2,3539,7,4,0,0,5,0
1776250,X.X.X.X,846348,130750,4029,283,2,3559,7,4,0,0,5,0
1786295,X.X.X.X,851183,131498,3895,274,2,3579,7,4,0,0,5,0
1796299,X.X.X.X,856160,132263,4029,283,2,3599,7,4,0,0,5,0
1806338,X.X.X.X,860995,133011,3895,274,2,3619,7,4,0,0,5,0
1816342,X.X.X.X,865830,133759,3895,274,2,3639,7,4,0,0,5,0
1826369,X.X.X.X,870659,134507,3895,274,2,3659,7,4,0,0,5,0
1836388,X.X.X.X,875494,135255,3895,274,2,3679,7,4,0,0,5,0
1846404,X.X.X.X,880477,136020,4029,283,2,3699,7,4,0,0,5,0
1856422,X.X.X.X,885016,136734,3627,256,2,3719,7,4,0,0,5,0
1866458,X.X.X.X,889999,137499,4029,283,2,3739,7,4,0,0,5,0
1876483,X.X.X.X,894828,138247,3895,274,2,3759,7,4,0,0,5,0
1886511,X.X.X.X,899805,139012,4029,283,2,3779,7,4,0,0,5,0
1896523,X.X.X.X,904486,139743,3761,265,2,3799,7,4,0,0,5,0
1906535,X.X.X.X,909469,140508,4029,283,2,3819,7,4,0,0,5,0
1916552,X.X.X.X,914452,141273,4029,283,2,3839,7,4,0,0,5,0
1926557,X.X.X.X,919263,142013,3895,274,2,3859,7,4,0,0,5,0
1936575,X.X.X.X,924098,142761,3895,274,2,3879,7,4,0,0,5,0
1946591,X.X.X.X,929081,143526,4029,283,2,3899,7,4,0,0,5,0
1956602,X.X.X.X,933916,144274,3895,274,2,3919,7,4,0,0,5,0
1966628,X.X.X.X,938899,145039,4029,283,2,3939,7,4,0,0,5,0
1976676,X.X.X.X,943586,145770,3761,265,2,3959,7,4,0,0,5,0
1986705,X.X.X.X,948569,146535,4029,283,2,3979,7,4,0,0,5,0
1996722,X.X.X.X,953256,147266,3761,265,2,3999,7,4,0,0,5,0
2006729,X.X.X.X,958239,148031,4029,283,2,4019,7,4,0,0,5,0
2016780,X.X.X.X,963074,148779,3895,274,2,4039,7,4,0,0,5,0
2026818,X.X.X.X,967909,149527,3895,274,2,4059,7,4,0,0,5,0
2036825,X.X.X.X,972596,150258,3761,265,2,4079,7,4,0,0,5,0
2046835,X.X.X.X,977579,151023,4029,283,2,4099,7,4,0,0,5,0
2056843,X.X.X.X,982260,151754,3761,265,2,4119,7,4,0,0,5,0
2066844,X.X.X.X,987089,152502,3895,274,2,4139,7,4,0,0,5,0
2076845,X.X.X.X,991924,153250,3895,274,2,4159,7,4,0,0,5,0
2086847,X.X.X.X,996759,153998,3895,274,2,4179,7,4,0,0,5,0
2096864,X.X.X.X,1001742,154763,4029,283,2,4199,7,4,0,0,5,0
2106897,X.X.X.X,1006429,155494,3761,265,2,4219,7,4,0,0,5,0
2116904,X.X.X.X,1011412,156259,4029,283,2,4239,7,4,0,0,5,0
2126951,X.X.X.X,1016247,157007,3895,274,2,4259,7,4,0,0,5,0
2136984,X.X.X.X,1021230,157772,4029,283,2,4279,7,4,0,0,5,0
2146985,X.X.X.X,1025917,158503,3761,265,2,4299,7,4,0,0,5,0
2157004,X.X.X.X,1030894,159268,4029,283,2,4319,7,4,0,0,5,0
2167021,X.X.X.X,1035581,159999,3761,265,2,4339,7,4,0,0,5,0
2177048,X.X.X.X,1040564,160764,4029,283,2,4359,7,4,0,0,5,0
2187087,X.X.X.X,1045393,161512,3895,274,2,4379,7,4,0,0,5,0
2197112,X.X.X.X,1050370,162277,4029,283,2,4399,7,4,0,0,5,0
2207131,X.X.X.X,1055205,163025,3895,274,2,4419,7,4,0,0,5,0
2217174,X.X.X.X,1060188,163790,4029,283,2,4439,7,4,0,0,5,0
2227214,X.X.X.X,1064875,164521,3761,265,2,4459,7,4,0,0,5,0
2237226,X.X.X.X,1069698,165261,3895,274,2,4479,7,4,0,0,5,0
2247239,X.X.X.X,1074533,166009,3895,274,2,4499,7,4,0,0,5,0
2257271,X.X.X.X,1079516,166774,4029,283,2,4519,7,4,0,0,5,0
2267294,X.X.X.X,1084203,167505,3761,265,2,4539,7,4,0,0,5,0
2277318,X.X.X.X,1089038,168253,3895,274,2,4559,7,4,0,0,5,0
2287347,X.X.X.X,1093873,169001,3895,274,2,4579,7,4,0,0,5,0
2297350,X.X.X.X,1098856,169766,4029,283,2,4599,7,4,0,0,5,0
2307356,X.X.X.X,1103691,170514,3895,274,2,4619,7,4,0,0,5,0
2317407,X.X.X.X,1108526,171262,3895,274,2,4639,7,4,0,0,5,0
2327448,X.X.X.X,1113369,172014,3895,274,2,4660,7,4,0,0,5,0
2337472,X.X.X.X,1118352,172779,4029,283,2,4680,7,4,0,0,5,0
2347518,X.X.X.X,1123039,173510,3761,265,2,4700,7,4,0,0,5,0
2357528,X.X.X.X,1128022,174275,4029,283,2,4720,7,4,0,0,5,0
2367564,X.X.X.X,1132709,175006,3761,265,2,4740,7,4,0,0,5,0
2377599,X.X.X.X,1137840,175788,4163,292,2,4760,7,4,0,0,5,0
2387649,X.X.X.X,1142675,176536,3895,274,2,4780,7,4,0,0,5,0
2397684,X.X.X.X,1147658,177301,4029,283,2,4800,7,4,0,0,5,0
2407699,X.X.X.X,1152345,178032,3761,265,2,4820,7,4,0,0,5,0
2417742,X.X.X.X,1157328,178797,4029,283,2,4840,7,4,0,0,5,0
2427764,X.X.X.X,1162163,179545,3895,274,2,4860,7,4,0,0,5,0
2437778,X.X.X.X,1166998,180293,3895,274,2,4880,7,4,0,0,5,0
2447795,X.X.X.X,1171833,181041,3895,274,2,4900,7,4,0,0,5,0
2457802,X.X.X.X,1176668,181789,3895,274,2,4920,7,4,0,0,5,0
2467856,X.X.X.X,1181651,182554,4029,283,2,4940,7,4,0,0,5,0
2477867,X.X.X.X,1186332,183285,3761,265,2,4960,7,4,0,0,5,0
2487879,X.X.X.X,1191161,184033,3895,274,2,4980,7,4,0,0,5,0
2497930,X.X.X.X,1195842,184764,3761,265,2,5000,7,4,0,0,5,0
2507979,X.X.X.X,1200825,185529,4029,283,2,5020,7,4,0,0,5,0
2518031,X.X.X.X,1205654,186277,3895,274,2,5040,7,4,0,0,5,0
2528061,X.X.X.X,1210785,187059,4163,292,2,5060,7,4,0,0,5,0
2538090,X.X.X.X,1215472,187790,3761,265,2,5080,7,4,0,0,5,0
2548131,X.X.X.X,1220455,188555,4029,283,2,5100,7,4,0,0,5,0
2558166,X.X.X.X,1225284,189303,3895,274,2,5120,7,4,0,0,5,0
2568209,X.X.X.X,1230267,190068,4029,283,2,5140,7,4,0,0,5,0
2578260,X.X.X.X,1234954,190799,3761,265,2,5160,7,4,0,0,5,0
2588304,X.X.X.X,1239937,191564,4029,283,2,5180,7,4,0,0,5,0
2598329,X.X.X.X,1244766,192312,3895,274,2,5200,7,4,0,0,5,0
2608348,X.X.X.X,1249749,193077,4029,283,2,5220,7,4,0,0,5,0
2618387,X.X.X.X,1254450,193812,3761,265,2,5241,7,4,0,0,5,0
2628424,X.X.X.X,1259285,194560,3895,274,2,5261,7,4,0,0,5,0
2638476,X.X.X.X,1264120,195308,3895,274,2,5281,7,4,0,0,5,0
2648494,X.X.X.X,1269103,196073,4029,283,2,5301,7,4,0,0,5,0
2658546,X.X.X.X,1273938,196821,3895,274,2,5321,7,4,0,0,5,0
2668598,X.X.X.X,1279069,197603,4163,292,2,5341,7,4,0,0,5,0
2678644,X.X.X.X,1283756,198334,3761,265,2,5361,7,4,0,0,5,0
2688689,X.X.X.X,1288733,199099,4029,283,2,5381,7,4,0,0,5,0
2698735,X.X.X.X,1293568,199847,3895,274,2,5401,7,5,0,0,5,0
2708754,X.X.X.X,1298551,200612,4029,283,2,5421,7,5,0,0,5,0
2718797,X.X.X.X,1303380,201360,3895,274,2,5441,7,5,0,0,5,0
2728829,X.X.X.X,1308215,202108,3895,274,2,5461,7,5,0,0,5,0
2738844,X.X.X.X,1313050,202856,3895,274,2,5481,7,5,0,0,5,0
2748851,X.X.X.X,1318033,203621,4029,283,2,5501,7,5,0,0,5,0
2758858,X.X.X.X,1322868,204369,3895,274,2,5521,7,5,0,0,5,0
2768910,X.X.X.X,1327703,205117,3895,274,2,5541,7,5,0,0,5,0
2778956,X.X.X.X,1332538,205865,3895,274,2,5561,7,5,0,0,5,0
2788988,X.X.X.X,1337521,206630,4029,283,2,5581,7,5,0,0,5,0
2799042,X.X.X.X,1342356,207378,3895,274,2,5601,7,5,0,0,5,0
2809052,X.X.X.X,1347339,208143,4029,283,2,5621,7,5,0,0,5,0
2819055,X.X.X.X,1352026,208874,3761,265,2,5641,7,5,0,0,5,0
2829071,X.X.X.X,1357151,209656,4163,292,2,5661,7,5,0,0,5,0
2839109,X.X.X.X,1361994,210408,3895,274,2,5682,7,5,0,0,5,0
2849159,X.X.X.X,1366957,211169,4029,283,2,5701,7,5,0,0,5,0
2859163,X.X.X.X,1371638,211900,3761,265,2,5721,7,5,0,0,5,0
2869184,X.X.X.X,1376609,212657,4029,283,2,5741,7,5,0,0,5,0
2879199,X.X.X.X,1381444,213405,3895,274,2,5761,7,5,0,0,5,0
2889229,X.X.X.X,1386427,214170,4029,283,2,5781,7,5,0,0,5,0
2899256,X.X.X.X,1391262,214918,3895,274,2,5801,7,5,0,0,5,0
2909296,X.X.X.X,1396091,215666,3895,274,2,5821,7,5,0,0,5,0
2919344,X.X.X.X,1400940,216418,3895,274,2,5842,7,5,0,0,5,0
2929359,X.X.X.X,1405909,217179,4029,283,2,5861,7,5,0,0,5,0
2939410,X.X.X.X,1410758,217931,3895,274,2,5882,7,5,0,0,5,0
2949417,X.X.X.X,1415579,218675,3895,274,2,5901,7,5,0,0,5,0
2959462,X.X.X.X,1420428,219427,3895,274,2,5922,7,4,0,0,5,0
2969498,X.X.X.X,1425411,220192,4029,283,2,5942,7,4,0,0,5,0
2979526,X.X.X.X,1430246,220940,3895,274,2,5962,7,4,0,0,5,0
2989535,X.X.X.X,1435081,221688,3895,274,2,5982,7,4,0,0,5,0
2999577,X.X.X.X,1440064,222453,4029,283,2,6002,7,4,0,0,5,0
3009608,X.X.X.X,1444899,223201,3895,274,2,6022,7,4,0,0,5,0
3019653,X.X.X.X,1449882,223966,4029,283,2,6042,7,4,0,0,5,0
3029699,X.X.X.X,1454569,224697,3761,265,2,6062,7,4,0,0,5,0
3039710,X.X.X.X,1459404,225445,3895,274,2,6082,7,4,0,0,5,0
3049742,X.X.X.X,1464239,226193,3895,274,2,6102,7,4,0,0,5,0
3059777,X.X.X.X,1469222,226958,4029,283,2,6122,7,4,0,0,5,0
3069820,X.X.X.X,1474057,227706,3895,274,2,6142,7,4,0,0,5,0
3079828,X.X.X.X,1478892,228454,3895,274,2,6162,7,4,0,0,5,0
3089839,X.X.X.X,1483721,229202,3895,274,2,6182,7,4,0,0,5,0
3099854,X.X.X.X,1488686,229967,4029,283,2,6202,7,4,0,0,5,0
3109883,X.X.X.X,1493367,230698,3761,265,2,6222,7,4,0,0,5,0
3119920,X.X.X.X,1498344,231463,4029,283,2,6242,7,4,0,0,5,0
3129924,X.X.X.X,1502883,232177,3627,256,2,6262,7,4,0,0,5,0
3139954,X.X.X.X,1507866,232942,4029,283,2,6282,7,4,0,0,5,0
3150004,X.X.X.X,1512701,233690,3895,274,2,6302,7,4,0,0,5,0
3160015,X.X.X.X,1517684,234455,4029,283,2,6322,7,4,0,0,5,0
3170032,X.X.X.X,1522371,235186,3761,265,2,6342,7,4,0,0,5,0
3180057,X.X.X.X,1527502,235968,4163,292,2,6362,7,4,0,0,5,0
3190102,X.X.X.X,1532485,236733,4029,283,2,6382,7,3,0,0,5,0
3200150,X.X.X.X,1537024,237447,3627,256,2,6402,7,4,0,0,5,0
3210179,X.X.X.X,1542007,238212,4029,283,2,6422,7,4,0,0,5,0
3220183,X.X.X.X,1546842,238960,3895,274,2,6442,8,5,0,0,5,0
3230216,X.X.X.X,1551671,239708,3895,274,2,6462,7,4,0,0,5,0
3240252,X.X.X.X,1556346,240439,3761,265,2,6482,7,4,0,0,5,0
3250268,X.X.X.X,1561329,241204,4029,283,2,6502,7,4,0,0,5,0
3260277,X.X.X.X,1566164,241952,3895,274,2,6522,7,4,0,0,5,0
3270327,X.X.X.X,1570999,242700,3895,274,2,6542,7,4,0,0,5,0
3280367,X.X.X.X,1575834,243448,3895,274,2,6562,7,4,0,0,5,0
3290407,X.X.X.X,1580817,244213,4029,283,2,6582,7,4,0,0,5,0
3300458,X.X.X.X,1585652,244961,3895,274,2,6602,7,4,0,0,5,0
3310462,X.X.X.X,1590487,245709,3895,274,2,6622,7,4,0,0,5,0
3320490,X.X.X.X,1595322,246457,3895,274,2,6642,7,4,0,0,5,0
3330517,X.X.X.X,1600305,247222,4029,283,2,6662,7,4,0,0,5,0
3340569,X.X.X.X,1605288,247987,4029,283,2,6682,7,4,0,0,5,0
3350612,X.X.X.X,1610271,248752,4029,283,2,6702,7,4,0,0,5,0
3360660,X.X.X.X,1614810,249466,3627,256,2,6722,7,4,0,0,5,0
3370709,X.X.X.X,1619793,250231,4029,283,2,6742,7,4,0,0,5,0
3380735,X.X.X.X,1624474,250962,3761,265,2,6762,7,4,0,0,5,0
3390784,X.X.X.X,1629471,251731,4029,283,2,6783,7,3,0,0,5,0
3400795,X.X.X.X,1634158,252462,3761,265,2,6803,7,4,0,0,5,0
3410803,X.X.X.X,1638993,253210,3895,274,2,6823,7,4,0,0,5,0
3420818,X.X.X.X,1643828,253958,3895,274,2,6843,7,4,0,0,5,0
3430838,X.X.X.X,1648805,254723,4029,283,2,6863,7,4,0,0,5,0
3440854,X.X.X.X,1653640,255471,3895,274,2,6883,7,4,0,0,5,0
3450860,X.X.X.X,1658611,256228,4029,283,2,6903,7,4,0,0,5,0
3460892,X.X.X.X,1663446,256976,3895,274,2,6923,7,4,0,0,5,0
3470902,X.X.X.X,1668281,257724,3895,274,2,6943,7,4,0,0,5,0
3480938,X.X.X.X,1673250,258485,4029,283,2,6962,7,4,0,0,5,0
3490974,X.X.X.X,1678099,259237,3895,274,2,6983,7,4,0,0,5,0
3501002,X.X.X.X,1682934,259985,3895,274,2,7003,7,4,0,0,5,0
3511040,X.X.X.X,1687763,260733,3895,274,2,7023,7,4,0,0,5,0
3521086,X.X.X.X,1692740,261498,4029,283,2,7043,7,4,0,0,5,0
3531132,X.X.X.X,1697723,262263,4029,283,2,7063,7,4,0,0,5,0
3541180,X.X.X.X,1702410,262994,3761,265,2,7083,7,4,0,0,5,0
3551214,X.X.X.X,1707245,263742,3895,274,2,7103,7,4,0,0,5,0
3561257,X.X.X.X,1712080,264490,3895,274,2,7123,7,4,0,0,5,0
3571300,X.X.X.X,1717075,265263,4029,283,2,7143,7,4,0,0,5,0
3581344,X.X.X.X,1721910,266011,3895,274,2,7163,7,4,0,0,5,0
3591387,X.X.X.X,1726745,266759,3895,274,2,7183,7,4,0,0,5,0
3601432,X.X.X.X,1731580,267507,3895,274,2,7203,7,4,0,0,5,0
3611446,X.X.X.X,1736563,268272,4029,283,2,7223,7,4,0,0,5,0
3621487,X.X.X.X,1741398,269020,3895,274,2,7243,7,4,0,0,5,0
3631536,X.X.X.X,1746381,269785,4029,283,2,7263,7,4,0,0,5,0
3641582,X.X.X.X,1751216,270533,3895,274,2,7283,7,4,0,0,5,0
3651623,X.X.X.X,1756193,271298,4029,283,2,7303,7,4,0,0,5,0
3661673,X.X.X.X,1761022,272046,3895,274,2,7323,7,4,0,0,5,0
3671685,X.X.X.X,1765999,272811,4029,283,2,7343,7,4,0,0,5,0
3681738,X.X.X.X,1770842,273563,3895,274,2,7364,7,4,0,0,5,0
3691771,X.X.X.X,1775663,274307,3895,274,2,7383,7,4,0,0,5,0
3701807,X.X.X.X,1780512,275059,3895,274,2,7404,7,4,0,0,5,0
3711820,X.X.X.X,1785495,275824,4029,283,2,7424,7,4,0,0,5,0
3721852,X.X.X.X,1790330,276572,3895,274,2,7444,7,4,0,0,5,0
3731889,X.X.X.X,1795165,277320,3895,274,2,7464,7,4,0,0,5,0
3741930,X.X.X.X,1800000,278068,3895,274,2,7484,7,4,0,0,5,0
3751931,X.X.X.X,1804983,278833,4029,283,2,7504,7,4,0,0,5,0
3761934,X.X.X.X,1810158,280173,4037,776,2,7537,7,4,0,0,5,0
3771948,X.X.X.X,1814993,280921,3895,274,2,7557,7,4,0,0,5,0
3781986,X.X.X.X,1819828,281669,3895,274,2,7577,7,4,0,0,5,0
3792024,X.X.X.X,1824811,282434,4029,283,2,7597,7,4,0,0,5,0
3802059,X.X.X.X,1829640,283182,3895,274,2,7617,7,4,0,0,5,0
3812104,X.X.X.X,1834771,283964,4163,292,2,7637,7,4,0,0,5,0
3822120,X.X.X.X,1839458,284695,3761,265,2,7657,7,4,0,0,5,0
3832163,X.X.X.X,1844441,285460,4029,283,2,7677,7,3,0,0,5,0
3842181,X.X.X.X,1849276,286208,3895,274,2,7697,7,4,0,0,5,0
3852197,X.X.X.X,1854259,286973,4029,283,2,7717,7,4,0,0,5,0
3862243,X.X.X.X,1859094,287721,3895,274,2,7737,7,4,0,0,5,0
3872272,X.X.X.X,1863929,288469,3895,274,2,7757,7,4,0,0,5,0
3882279,X.X.X.X,1868616,289200,3761,265,2,7777,7,4,0,0,5,0
3892322,X.X.X.X,1873599,289965,4029,283,2,7797,7,4,0,0,5,0
3902360,X.X.X.X,1878280,290696,3761,265,2,7817,7,4,0,0,5,0
3912402,X.X.X.X,1883115,291444,3895,274,2,7837,7,4,0,0,5,0
3922435,X.X.X.X,1887950,292192,3895,274,2,7857,7,4,0,0,5,0
3932462,X.X.X.X,1892921,292957,4029,283,2,7877,7,4,0,0,5,0
3942511,X.X.X.X,1897744,293705,3895,274,2,7897,7,4,0,0,5,0
3952527,X.X.X.X,1902721,294470,4029,283,2,7917,7,4,0,0,5,0
3962576,X.X.X.X,1907402,295201,3761,265,2,7937,7,4,0,0,5,0
3972615,X.X.X.X,1912533,295983,4163,292,2,7957,7,4,0,0,5,0
3982626,X.X.X.X,1917072,296697,3627,256,2,7977,7,4,0,0,5,0
3992679,X.X.X.X,1922055,297462,4029,283,2,7997,7,4,0,0,5,0
4002722,X.X.X.X,1926742,298193,3761,265,2,8017,7,4,0,0,5,0
4012770,X.X.X.X,1931725,298958,4029,283,2,8037,7,4,0,0,5,0
4022771,X.X.X.X,1936560,299706,3895,274,2,8057,7,4,0,0,5,0
4032805,X.X.X.X,1941543,300471,4029,283,2,8077,7,4,0,0,5,0
4042832,X.X.X.X,1946378,301219,3895,274,2,8097,7,4,0,0,5,0
4052854,X.X.X.X,1951213,301967,3895,274,2,8117,7,4,0,0,5,0
4062899,X.X.X.X,1956048,302715,3895,274,2,8137,7,4,0,0,5,0
4072943,X.X.X.X,1960883,303463,3895,274,2,8157,7,4,0,0,5,0
4082949,X.X.X.X,1965726,304215,3895,274,2,8178,7,4,0,0,5,0
4092955,X.X.X.X,1970399,304942,3761,265,2,8197,7,4,0,0,5,0
4103007,X.X.X.X,1975396,305711,4029,283,2,8218,7,4,0,0,5,0
4113057,X.X.X.X,1980231,306459,3895,274,2,8238,7,4,0,0,5,0
4123089,X.X.X.X,1985362,307241,4163,292,2,8258,7,4,0,0,5,0
4133134,X.X.X.X,1990197,307989,3895,274,2,8278,7,4,0,0,5,0
4143188,X.X.X.X,1995032,308737,3895,274,2,8298,7,4,0,0,5,0
4153231,X.X.X.X,1999867,309485,3895,274,2,8318,7,4,0,0,5,0
4163274,X.X.X.X,2004850,310250,4029,283,2,8338,7,4,0,0,5,0
4173317,X.X.X.X,2009685,310998,3895,274,2,8358,7,4,0,0,5,0
4183369,X.X.X.X,2014520,311746,3895,274,2,8378,7,4,0,0,5,0
4193410,X.X.X.X,2019207,312477,3761,265,2,8398,7,4,0,0,5,0
4203441,X.X.X.X,2024190,313242,4029,283,2,8418,7,4,0,0,5,0
4213475,X.X.X.X,2028877,313973,3761,265,2,8438,7,4,0,0,5,0
4223503,X.X.X.X,2033706,314721,3895,274,2,8458,7,4,0,0,5,0
4233532,X.X.X.X,2038541,315469,3895,274,2,8478,7,4,0,0,5,0
4243572,X.X.X.X,2043524,316234,4029,283,2,8498,7,4,0,0,5,0
4253573,X.X.X.X,2048353,316982,3895,274,2,8518,7,4,0,0,5,0
4263574,X.X.X.X,2053330,317747,4029,283,2,8538,7,4,0,0,5,0
4273620,X.X.X.X,2058165,318495,3895,274,2,8558,7,4,0,0,5,0
4283650,X.X.X.X,2063000,319243,3895,274,2,8578,7,4,0,0,5,0
4293700,X.X.X.X,2067983,320008,4029,283,2,8598,7,4,0,0,5,0
4303746,X.X.X.X,2072818,320756,3895,274,2,8618,7,4,0,0,5,0
4313787,X.X.X.X,2077653,321504,3895,274,2,8638,7,4,0,0,5,0
4323837,X.X.X.X,2082340,322235,3761,265,2,8658,7,4,0,0,5,0
4333875,X.X.X.X,2087337,323004,4029,283,2,8679,7,4,0,0,5,0
4343914,X.X.X.X,2092172,323752,3895,274,2,8699,7,4,0,0,5,0
4353940,X.X.X.X,2097155,324517,4029,283,2,8719,7,4,0,0,5,0
4363944,X.X.X.X,2101830,325248,3761,265,2,8739,7,4,0,0,5,0
4373964,X.X.X.X,2106813,326013,4029,283,2,8759,7,4,0,0,5,0
4384016,X.X.X.X,2111648,326761,3895,274,2,8779,7,4,0,0,5,0
4394070,X.X.X.X,2116631,327526,4029,283,2,8799,7,4,0,0,5,0
4404072,X.X.X.X,2121318,328257,3761,265,2,8819,7,4,0,0,5,0
4414090,X.X.X.X,2126301,329022,4029,283,2,8839,7,4,0,0,5,0
4424118,X.X.X.X,2130988,329753,3761,265,2,8859,7,4,0,0,5,0
4434134,X.X.X.X,2135971,330518,4029,283,2,8879,7,4,0,0,5,0
4444174,X.X.X.X,2140510,331232,3627,256,2,8899,7,4,0,0,5,0
4454213,X.X.X.X,2145493,331997,4029,283,2,8919,7,4,0,0,5,0
4464259,X.X.X.X,2150328,332745,3895,274,2,8939,7,4,0,0,5,0
4474264,X.X.X.X,2155311,333510,4029,283,2,8959,7,4,0,0,5,0
4484277,X.X.X.X,2160146,334258,3895,274,2,8979,7,4,0,0,5,0
4494297,X.X.X.X,2164981,335006,3895,274,2,8999,7,4,0,0,5,0
4504324,X.X.X.X,2169810,335754,3895,274,2,9019,7,4,0,0,5,0
4514329,X.X.X.X,2174793,336519,4029,283,2,9039,7,4,0,0,5,0
4524379,X.X.X.X,2179642,337267,3895,274,3,9060,8,6,0,0,5,0
4534389,X.X.X.X,2184477,338015,3895,274,3,9080,7,6,0,0,5,0
4544435,X.X.X.X,2189016,338729,3627,256,3,9100,7,6,0,0,5,0
4554455,X.X.X.X,2193999,339494,4029,283,3,9120,7,6,0,0,5,0
4564507,X.X.X.X,2198686,340225,3761,265,3,9140,7,6,0,0,5,0
4574552,X.X.X.X,2203669,340990,4029,283,3,9160,7,6,0,0,5,0
4584568,X.X.X.X,2208498,341738,3895,274,3,9180,7,6,0,0,5,0
4594615,X.X.X.X,2213475,342503,4029,283,3,9200,7,6,0,0,5,0
4604662,X.X.X.X,2218304,343251,3895,274,3,9220,7,6,0,0,5,0
4614703,X.X.X.X,2223287,344016,4029,283,3,9240,7,6,0,0,5,0
4624704,X.X.X.X,2227974,344747,3761,265,3,9260,7,6,0,0,5,0
4634710,X.X.X.X,2232803,345495,3895,274,3,9280,7,6,0,0,5,0
4644751,X.X.X.X,2237768,346260,4029,283,3,9300,7,6,0,0,5,0
4654771,X.X.X.X,2242751,347025,4029,283,3,9320,7,6,0,0,5,0
4664793,X.X.X.X,2247438,347756,3761,265,3,9340,7,6,0,0,5,0
4674797,X.X.X.X,2252125,348487,3761,265,3,9360,7,6,0,0,5,0
4684821,X.X.X.X,2257122,349256,4029,283,3,9381,7,5,0,0,5,0
4694824,X.X.X.X,2262091,350017,4029,283,3,9400,7,5,0,0,5,0
4704862,X.X.X.X,2266630,350731,3627,256,3,9420,7,5,0,0,5,0
4714864,X.X.X.X,2271465,351479,3895,274,3,9440,7,5,0,0,5,0
4724871,X.X.X.X,2276288,352219,3895,274,3,9460,7,5,0,0,5,0
4734873,X.X.X.X,2281265,352984,4029,283,3,9480,7,5,0,0,5,0
4744918,X.X.X.X,2286100,353732,3895,274,3,9500,7,5,0,0,5,0
4754964,X.X.X.X,2291083,354497,4029,283,3,9520,7,5,0,0,5,0
4764999,X.X.X.X,2295770,355228,3761,265,3,9540,7,5,0,0,5,0
4775025,X.X.X.X,2300767,355997,4029,283,3,9561,7,5,0,0,5,0
4785044,X.X.X.X,2305582,356741,3895,274,3,9580,7,5,0,0,5,0
4795059,X.X.X.X,2310579,357510,4029,283,3,9601,7,5,0,0,5,0
4805091,X.X.X.X,2315414,358258,3895,274,3,9621,7,5,0,0,5,0
4815123,X.X.X.X,2320397,359023,4029,283,3,9641,7,5,0,0,5,0
4825171,X.X.X.X,2325232,359771,3895,274,3,9661,7,5,0,0,5,0
4835219,X.X.X.X,2330209,360536,4029,283,3,9681,7,5,0,0,5,0
4845220,X.X.X.X,2335044,361284,3895,274,3,9701,7,4,0,0,5,0
4855228,X.X.X.X,2339879,362032,3895,274,3,9721,7,4,0,0,5,0
4865239,X.X.X.X,2344714,362780,3895,274,3,9741,7,4,0,0,5,0
4875247,X.X.X.X,2349697,363545,4029,283,3,9761,7,4,0,0,5,0
4885285,X.X.X.X,2354532,364293,3895,274,3,9781,7,4,0,0,5,0
4895322,X.X.X.X,2359367,365041,3895,274,3,9801,7,4,0,0,5,0
4905375,X.X.X.X,2364202,365789,3895,274,3,9821,7,4,0,0,5,0
4915419,X.X.X.X,2369185,366554,4029,283,3,9841,7,4,0,0,5,0
4925465,X.X.X.X,2373872,367285,3761,265,3,9861,7,4,0,0,5,0
4935510,X.X.X.X,2378849,368050,4029,283,3,9881,7,4,0,0,5,0
4945547,X.X.X.X,2383382,368764,3627,256,3,9901,7,4,0,0,5,0
4955595,X.X.X.X,2388513,369546,4163,292,3,9921,7,4,0,0,5,0
4965639,X.X.X.X,2393200,370277,3761,265,3,9941,7,4,0,0,5,0
4975693,X.X.X.X,2398183,371042,4029,283,3,9961,7,4,0,0,5,0
4985722,X.X.X.X,2403018,371790,3895,274,3,9981,7,4,0,0,5,0
4995752,X.X.X.X,2407853,372538,3895,274,3,10001,7,4,0,0,5,0
5005758,X.X.X.X,2412688,373286,3895,274,3,10021,7,4,0,0,5,0
5015779,X.X.X.X,2417671,374051,4029,283,3,10041,7,4,0,0,5,0
5025817,X.X.X.X,2422358,374782,3761,265,3,10061,7,4,0,0,5,0
5035865,X.X.X.X,2427187,375530,3895,274,3,10081,7,4,0,0,5,0
5045916,X.X.X.X,2432022,376278,3895,274,3,10101,7,4,0,0,5,0
5055920,X.X.X.X,2437005,377043,4029,283,3,10121,7,4,0,0,5,0
5065969,X.X.X.X,2441840,377791,3895,274,3,10141,7,4,0,0,5,0
5075974,X.X.X.X,2446675,378539,3895,274,3,10161,7,4,0,0,5,0
5085975,X.X.X.X,2451362,379270,3761,265,3,10181,7,4,0,0,5,0
5096018,X.X.X.X,2456345,380035,4029,283,3,10201,7,4,0,0,5,0
5106069,X.X.X.X,2461180,380783,3895,274,3,10221,7,4,0,0,5,0
5116073,X.X.X.X,2466311,381565,4163,292,3,10241,7,4,0,0,5,0
5126117,X.X.X.X,2470998,382296,3761,265,3,10261,7,4,0,0,5,0
5136154,X.X.X.X,2475981,383061,4029,283,3,10281,7,4,0,0,5,0
5146208,X.X.X.X,2480816,383809,3895,274,3,10301,7,4,0,0,5,0
5156251,X.X.X.X,2485813,384578,4029,283,3,10322,7,4,0,0,5,0
5166304,X.X.X.X,2490648,385326,3895,274,3,10342,7,4,0,0,5,0
5176353,X.X.X.X,2495477,386074,3895,274,3,10362,7,4,0,0,5,0
5186368,X.X.X.X,2500312,386822,3895,274,3,10382,7,4,0,0,5,0
5196405,X.X.X.X,2505289,387587,4029,283,3,10402,7,4,0,0,5,0
5206458,X.X.X.X,2509964,388318,3761,265,3,10422,7,4,0,0,5,0
5216508,X.X.X.X,2514651,389049,3761,265,3,10442,7,4,0,0,5,0
5226546,X.X.X.X,2519486,389797,3895,274,3,10462,7,4,0,0,5,0
5236600,X.X.X.X,2524469,390562,4029,283,3,10482,7,4,0,0,5,0
5246646,X.X.X.X,2529452,391327,4029,283,3,10502,7,4,0,0,5,0
5256652,X.X.X.X,2534139,392058,3761,265,3,10522,7,4,0,0,5,0
5266702,X.X.X.X,2539122,392823,4029,283,3,10542,7,4,0,0,5,0
5276754,X.X.X.X,2543957,393571,3895,274,3,10562,7,4,0,0,5,0
5286794,X.X.X.X,2548940,394336,4029,283,3,10582,7,4,0,0,5,0
5296827,X.X.X.X,2553775,395084,3895,274,3,10602,7,4,0,0,5,0
5306871,X.X.X.X,2558610,395832,3895,274,3,10622,7,4,0,0,5,0
5316899,X.X.X.X,2563445,396580,3895,274,3,10642,7,4,0,0,5,0
5326900,X.X.X.X,2568428,397345,4029,283,3,10662,7,4,0,0,5,0
5336942,X.X.X.X,2573265,398097,3895,274,3,10683,7,4,0,0,5,0
5346994,X.X.X.X,2578086,398841,3895,274,3,10702,7,4,0,0,5,0
5357035,X.X.X.X,2582935,399593,3895,274,3,10723,7,4,0,0,5,0
5367069,X.X.X.X,2587904,400354,4029,283,3,10742,7,4,0,0,5,0
5377115,X.X.X.X,2592901,401123,4029,283,3,10763,7,4,0,0,5,0
5387159,X.X.X.X,2597588,401854,3761,265,3,10783,7,4,0,0,5,0
5397197,X.X.X.X,2602571,402619,4029,283,3,10803,7,4,0,0,5,0
5407243,X.X.X.X,2607406,403367,3895,274,3,10823,7,4,0,0,5,0
5417266,X.X.X.X,2612389,404132,4029,283,3,10843,7,4,0,0,5,0
5427296,X.X.X.X,2617224,404880,3895,274,3,10863,7,4,0,0,5,0
5437334,X.X.X.X,2622059,405628,3895,274,3,10883,7,4,0,0,5,0
5447350,X.X.X.X,2626746,406359,3761,265,3,10903,7,4,0,0,5,0
5457359,X.X.X.X,2631729,407124,4029,283,3,10923,7,4,0,0,5,0
5467369,X.X.X.X,2636564,407872,3895,274,3,10943,7,4,0,0,5,0
5477387,X.X.X.X,2641393,408620,3895,274,3,10963,7,4,0,0,5,0
5487431,X.X.X.X,2646080,409351,3761,265,3,10983,7,4,0,0,5,0
5497479,X.X.X.X,2651063,410116,4029,283,3,11003,7,4,0,0,5,0
5507514,X.X.X.X,2655898,410864,3895,274,3,11023,7,4,0,0,5,0
5517560,X.X.X.X,2660881,411629,4029,283,3,11043,7,4,0,0,5,0
5527608,X.X.X.X,2665568,412360,3761,265,3,11063,7,4,0,0,5,0
5537654,X.X.X.X,2670551,413125,4029,283,3,11083,7,4,0,0,5,0
5547702,X.X.X.X,2675380,413873,3895,274,3,11103,7,4,0,0,5,0
5557749,X.X.X.X,2680357,414638,4029,283,3,11123,7,4,0,0,5,0
5567792,X.X.X.X,2685038,415369,3761,265,3,11143,7,4,0,0,5,0
5577845,X.X.X.X,2690021,416134,4029,283,3,11163,7,4,0,0,5,0
5587861,X.X.X.X,2694856,416886,3895,274,3,11184,7,4,0,0,5,0
5597882,X.X.X.X,2699839,417647,4029,283,3,11203,7,4,0,0,5,0
5607908,X.X.X.X,2704674,418395,3895,274,3,11223,7,4,0,0,5,0
5617915,X.X.X.X,2709503,419143,3895,274,3,11243,7,4,0,0,5,0
5627916,X.X.X.X,2714338,419891,3895,274,3,11263,7,4,0,0,5,0
5637965,X.X.X.X,2719173,420639,3895,274,3,11283,7,4,0,0,5,0
5648011,X.X.X.X,2724022,421391,3895,274,3,11304,7,4,0,0,5,0
5658052,X.X.X.X,2728843,422135,3895,274,3,11323,7,4,0,0,5,0
5668095,X.X.X.X,2733840,422904,4029,283,3,11344,7,4,0,0,5,0
5678106,X.X.X.X,2738675,423652,3895,274,3,11364,7,4,0,0,5,0
5688154,X.X.X.X,2743658,424417,4029,283,3,11384,7,4,0,0,5,0
5698205,X.X.X.X,2748493,425165,3895,274,3,11404,7,4,0,0,5,0
5708212,X.X.X.X,2753328,425913,3895,274,3,11424,7,4,0,0,5,0
5718225,X.X.X.X,2758163,426661,3895,274,3,11444,7,4,0,0,5,0
5728275,X.X.X.X,2763146,427426,4029,283,3,11464,7,4,0,0,5,0
5738276,X.X.X.X,2767975,428174,3895,274,3,11484,7,4,0,0,5,0
5748278,X.X.X.X,2772810,428922,3895,274,3,11504,7,4,0,0,5,0
2018-07-08T06-17-59: Memory Allocations 
 Current Allocations = 20 
 Total Allocations = 125890 
 Max Allocations = 331 
 Out of Pool Allocations = 8 
 Out of Pool dealloc = 8 

