2018-07-07T23-04-08: LogOut_File: : logfile started
2018-07-07T23-04-08: Net Status: low-level initialize success.
2018-07-07T23-04-08: Note that this new version (12/19/2011) has reduced the frequency of updates so the numbers will be larger
2018-07-07T23-04-08: time = time of logging
2018-07-07T23-04-08: address = address of IP address
2018-07-07T23-04-08: incoming = total size of messages set to me in bytes. Spikes can indicate lag.
2018-07-07T23-04-08: outgoing = total size of messages set from me in bytes. Spikes can indicate lag.
2018-07-07T23-04-08: app_ctos = client to server bytes delta excluding overheads (app data only)
2018-07-07T23-04-08: app_stoc = server to client bytes delta excluding overheads (app data only)
2018-07-07T23-04-08: loss = number of packets lost. Can indicate lags.  Some node on the network is dropping packets or taking to long and we have to resend them.
2018-07-07T23-04-08: sent = number of packets sent. Spikes can indicate lag.
2018-07-07T23-04-08: ping = how long it takes for a packet to get back and forth. Spikes can indicate lag.
2018-07-07T23-04-08: variance = how much the ping is changing from avg ping. Spikes can indicate lag.
2018-07-07T23-04-08: reliable delayed = This occurs when we drop reliable packets from sending this frame because we are sending to much data. Unreliable are more likely to be dropped than reliable.
2018-07-07T23-04-08: unreliable delayed = This occurs when we drop unreliable packets from sending this frame because we are sending to much data.
2018-07-07T23-04-08: app update delayed = This occurs when the app is taking to long to run code caused by network packets (ie CPU) and packets are delayed until the next frame
2018-07-07T23-04-08: Time spent in critical section (frame) = This is the time the network thread is blocking the main thread from doing anything.
2018-07-07T23-04-08: [time], [address], [incoming], [outgoing], [app_ctos], [app_stoc], [loss], [sent], [ping], [variance], [reliable delayed], [unreliable delayed], [app update delayed], [Time spent in critical section (frame)]
866,X.X.X.X,90,106,0,0,0,2,438,109,0,0,0,0
10869,X.X.X.X,63785,9576,56913,5102,0,31,13,20,0,12,5,0
20887,X.X.X.X,559590,97109,450593,46219,0,51,7,7,0,75,5,0
30917,X.X.X.X,1057041,184931,452085,46372,0,71,7,7,0,191,5,0
40927,X.X.X.X,1552878,272464,450611,46219,0,91,7,7,0,307,5,0
50929,X.X.X.X,2047191,359943,449139,46253,0,112,7,7,0,356,5,0
60930,X.X.X.X,2543671,447796,450944,46455,0,144,7,7,0,358,5,0
70932,X.X.X.X,3056524,538646,464447,48604,0,212,7,7,0,358,5,0
80936,X.X.X.X,3554853,627049,452517,46875,0,243,7,7,0,358,5,0
90937,X.X.X.X,4052115,715042,451556,46633,0,271,7,7,0,358,5,0
100939,X.X.X.X,4567648,805615,467937,47993,0,300,7,7,0,358,5,0
110943,X.X.X.X,5585623,976234,929445,90319,0,326,7,7,0,573,5,0
120946,X.X.X.X,6818479,1182091,1118410,109623,0,389,7,7,0,872,5,0
130949,X.X.X.X,8144035,1395244,1186980,113211,0,432,7,7,0,1171,5,0
140953,X.X.X.X,10617793,1751397,2149588,189001,0,497,7,7,0,1709,5,0
150959,X.X.X.X,13264907,2127870,2291800,199891,0,567,7,7,0,2305,5,0
160963,X.X.X.X,15684370,2472996,2092455,183884,0,681,7,6,0,2839,5,0
170968,X.X.X.X,18987904,2941610,2852118,249804,0,838,7,4,0,3511,5,0
180973,X.X.X.X,21951747,3360949,2554699,223029,0,935,7,4,0,4091,5,0
190977,X.X.X.X,24644738,3737562,2317003,199457,0,964,7,4,0,4670,5,0
201035,X.X.X.X,28132129,4213733,2980927,252081,0,984,7,4,0,5408,5,0
211049,X.X.X.X,31159662,4627740,2588563,219109,0,1004,7,4,0,6083,5,0
221084,X.X.X.X,33768791,4983893,2226996,188463,0,1024,7,4,0,6686,5,0
231136,X.X.X.X,37131162,5446282,2878173,244827,0,1044,7,4,0,7401,5,0
241194,X.X.X.X,40225053,5877984,2664555,228492,0,1064,7,4,0,8127,5,0
251195,X.X.X.X,43335014,6298979,2648803,222825,0,1084,7,4,0,8824,5,0
261196,X.X.X.X,47024935,6809610,3171198,270455,0,1111,7,4,0,9629,5,0
271250,X.X.X.X,50606241,7296989,3054270,258111,0,1132,7,6,0,10410,5,0
281302,X.X.X.X,53748706,7726453,2688559,227326,0,1152,7,6,0,11106,5,1
291308,X.X.X.X,57390104,8223074,3111332,262923,0,1172,7,4,0,11935,8,0
301333,X.X.X.X,60748155,8688181,2888033,246209,0,1192,7,4,0,12699,8,0
311371,X.X.X.X,64512314,9189305,3189266,265290,0,1212,7,4,0,13537,8,0
321396,X.X.X.X,68364570,9738297,3354940,290630,0,1232,7,4,0,14470,8,0
331401,X.X.X.X,72112824,10265563,3244922,279160,0,1252,7,4,0,15341,8,0
341419,X.X.X.X,75793212,10786474,3194554,275781,0,1272,7,3,0,16239,8,0
351451,X.X.X.X,79981679,11371112,3633973,309484,0,1292,7,3,0,17242,8,0
361481,X.X.X.X,83758583,11909924,3305536,285194,0,1312,7,3,0,18112,8,0
371532,X.X.X.X,87364013,12431539,3172327,276061,0,1332,7,3,0,18974,8,0
381565,X.X.X.X,91886205,13055017,3895506,330068,0,1352,11,9,0,20040,8,0
391573,X.X.X.X,95656268,13616669,3354081,297234,0,1372,7,6,0,20946,8,0
401581,X.X.X.X,99413998,14167851,3320683,291970,2,1401,7,6,0,21835,8,0
411584,X.X.X.X,103795717,14785853,3813299,327566,2,1443,12,10,0,22853,8,0
421586,X.X.X.X,107541378,15332511,3315077,289366,2,1465,7,6,0,23637,8,0
431589,X.X.X.X,111357138,15873320,3321217,286549,2,1500,9,7,0,24409,8,0
441595,X.X.X.X,115642127,16472128,3709387,317600,3,1553,8,6,0,25351,8,0
451596,X.X.X.X,119376075,17038831,3339892,300259,5,1594,8,9,0,26198,8,0
461601,X.X.X.X,122655774,17492976,2823562,240979,6,1648,14,7,0,26864,8,0
471604,X.X.X.X,126816754,18070901,3595611,306207,8,1687,11,12,0,27776,8,0
481606,X.X.X.X,128866160,18371345,1800189,159586,11,1754,11,11,0,28167,8,0
491611,X.X.X.X,130572548,18641502,1545882,143147,14,1794,14,11,0,28512,8,0
501612,X.X.X.X,134285472,19156661,3201772,272879,15,1823,12,11,0,29350,9,0
511615,X.X.X.X,136972400,19561714,2390320,214757,16,1864,11,9,0,29978,9,0
521619,X.X.X.X,139336793,19921361,2110835,190823,16,1911,11,9,0,30547,9,0
531620,X.X.X.X,142856599,20397339,3001293,252358,16,1946,16,11,0,31303,9,0
541623,X.X.X.X,146279653,20910101,3047658,271916,18,2004,14,9,0,32161,9,0
551643,X.X.X.X,148973436,21309007,2354889,211780,18,2040,10,7,0,32720,9,0
561650,X.X.X.X,151980964,21713612,2561584,214365,18,2067,14,9,0,33335,9,0
571663,X.X.X.X,155514314,22260772,3145928,290582,20,2102,8,7,0,34150,9,0
581683,X.X.X.X,159658868,22875927,3701447,325561,20,2122,7,7,0,35071,9,1
591684,X.X.X.X,165174385,23664735,4848763,417654,20,2142,13,11,0,36379,9,0
601687,X.X.X.X,170313682,24418322,4562673,398961,20,2162,11,9,0,37603,9,0
611692,X.X.X.X,174482243,25013603,3649037,315393,20,2185,10,6,0,38519,9,0
621698,X.X.X.X,178218431,25539320,3229288,278651,21,2213,12,10,0,39367,9,0
631701,X.X.X.X,181708487,26046122,3070256,268238,21,2233,10,4,0,40216,9,0
641703,X.X.X.X,186712538,26795960,4463885,396900,21,2253,8,6,0,41395,9,0
651707,X.X.X.X,191236474,27467844,3956325,357076,21,2292,16,11,0,42518,9,0
661710,X.X.X.X,196431092,28180255,4490564,377255,21,2314,11,8,0,43640,9,0
671713,X.X.X.X,200420262,28756167,3501766,305508,23,2370,11,9,0,44539,9,0
681721,X.X.X.X,204796399,29371038,3768799,326493,25,2420,13,12,0,45565,9,0
691728,X.X.X.X,209911365,30091118,4428783,381886,26,2456,13,8,0,46701,9,0
701730,X.X.X.X,215698902,30907557,5052629,432951,26,2475,12,6,0,48021,9,0
711782,X.X.X.X,222653146,31853160,5975409,500723,26,2496,9,6,0,49656,9,0
721785,X.X.X.X,229495219,32786790,5903622,494184,27,2516,10,10,0,51284,9,0
731791,X.X.X.X,235804127,33671492,5505063,468284,27,2536,7,6,0,52803,9,0
741792,X.X.X.X,240648316,34343949,4171229,357027,28,2568,15,7,0,53873,9,0
751794,X.X.X.X,245055792,34944571,3800524,318356,28,2589,14,7,0,54782,9,0
761803,X.X.X.X,249267741,35542102,3667371,316519,28,2611,9,6,0,55795,9,0
771848,X.X.X.X,253677532,36175715,3856347,335439,28,2632,8,6,0,56836,9,0
781888,X.X.X.X,257729175,36775897,3591801,317660,28,2652,7,4,0,57844,9,0
791889,X.X.X.X,262715458,37509546,4364101,389637,28,2695,15,7,0,59041,9,0
801898,X.X.X.X,267841648,38255086,4489545,395642,30,2745,16,6,0,60322,9,0
811905,X.X.X.X,273792504,39073975,5152468,433837,30,2766,12,9,0,61618,9,0
821906,X.X.X.X,278283372,39698482,3885404,330613,30,2785,9,6,0,62646,9,0
831910,X.X.X.X,282960765,40366817,4085111,353817,30,2806,7,6,0,63768,9,0
841914,X.X.X.X,287526507,41031959,4024342,352168,31,2827,8,5,0,64851,9,0
851920,X.X.X.X,292824503,41788006,4545301,402075,33,2873,15,10,0,66093,9,1
861961,X.X.X.X,296990343,42383279,3637413,315255,33,2894,9,10,0,67112,9,0
871966,X.X.X.X,300690975,42917242,3246144,282607,33,2914,10,10,0,67927,9,0
882008,X.X.X.X,304276561,43460581,3205372,287613,33,2935,7,7,0,68767,9,0
892030,X.X.X.X,308669491,44074444,3807594,324961,33,2954,10,8,0,69797,9,0
902073,X.X.X.X,312384131,44631035,3309782,294557,33,2974,12,9,0,70754,9,0
912124,X.X.X.X,317945220,45404270,4843205,409325,33,2995,9,10,0,72077,9,0
922129,X.X.X.X,322309081,46020986,3798612,326466,33,3015,8,9,0,73104,9,0
932174,X.X.X.X,326123277,46602354,3423624,307694,34,3036,8,7,0,74099,9,0
942184,X.X.X.X,330336703,47241977,3776394,338557,34,3056,8,8,0,75225,9,0
952232,X.X.X.X,334753135,47891524,3908090,343857,34,3076,14,11,0,76323,9,0
962287,X.X.X.X,339356621,48575103,4101696,361809,34,3096,13,8,0,77483,9,0
972346,X.X.X.X,344602525,49340034,4648914,404897,34,3116,11,9,0,78783,9,0
982403,X.X.X.X,348681964,49927987,3582173,311251,35,3136,22,12,0,79770,9,0
992446,X.X.X.X,352835142,50562372,3734778,335759,35,3156,10,7,0,80803,9,0
1002469,X.X.X.X,357098458,51218157,3844636,347111,35,3176,8,7,0,81897,9,0
1012522,X.X.X.X,361217790,51828350,3657146,323031,36,3197,14,10,0,82919,9,0
1022550,X.X.X.X,366658974,52633704,4855331,426248,36,3217,16,10,0,84310,9,0
1032608,X.X.X.X,371576348,53367859,4393788,388601,36,3237,15,10,0,85596,9,1
1042642,X.X.X.X,375560676,53962667,3552264,314846,36,3257,14,12,0,86596,9,0
1052679,X.X.X.X,379446504,54570999,3531798,321954,37,3278,13,13,0,87585,9,0
1062731,X.X.X.X,383045696,55124267,3241006,292870,37,3297,17,9,0,88506,9,0
1072739,X.X.X.X,386764882,55671675,3296458,289794,37,3316,25,9,0,89424,9,0
1082749,X.X.X.X,391086803,56305641,3851397,335540,37,3337,24,14,0,90534,9,0
1092750,X.X.X.X,395082264,56892801,3542236,310924,37,3358,36,16,0,91579,9,0
1102751,X.X.X.X,399838368,57559924,4168594,353379,37,3386,27,15,0,92725,9,0
1112757,X.X.X.X,404685645,58252840,4274923,367032,37,3423,27,8,0,93912,9,0
2018-07-07T23-22-51: Memory Allocations 
 Current Allocations = 0 
 Total Allocations = 28219988 
 Max Allocations = 2665 
 Out of Pool Allocations = 37180 
 Out of Pool dealloc = 37180 

