2026-08-25T23-56-52: LogOut_File: : logfile started
2026-08-25T23-56-52: Net Status: low-level initialize success.
2026-08-25T23-56-52: Note that this new version (12/19/2011) has reduced the frequency of updates so the numbers will be larger
2026-08-25T23-56-52: time = time of logging
2026-08-25T23-56-52: address = address of IP address
2026-08-25T23-56-52: incoming = total size of messages set to me in bytes. Spikes can indicate lag.
2026-08-25T23-56-52: outgoing = total size of messages set from me in bytes. Spikes can indicate lag.
2026-08-25T23-56-52: app_ctos = client to server bytes delta excluding overheads (app data only)
2026-08-25T23-56-52: app_stoc = server to client bytes delta excluding overheads (app data only)
2026-08-25T23-56-52: loss = number of packets lost. Can indicate lags.  Some node on the network is dropping packets or taking to long and we have to resend them.
2026-08-25T23-56-52: sent = number of packets sent. Spikes can indicate lag.
2026-08-25T23-56-52: ping = how long it takes for a packet to get back and forth. Spikes can indicate lag.
2026-08-25T23-56-52: variance = how much the ping is changing from avg ping. Spikes can indicate lag.
2026-08-25T23-56-52: reliable delayed = This occurs when we drop reliable packets from sending this frame because we are sending to much data. Unreliable are more likely to be dropped than reliable.
2026-08-25T23-56-52: unreliable delayed = This occurs when we drop unreliable packets from sending this frame because we are sending to much data.
2026-08-25T23-56-52: app update delayed = This occurs when the app is taking to long to run code caused by network packets (ie CPU) and packets are delayed until the next frame
2026-08-25T23-56-52: Time spent in critical section (frame) = This is the time the network thread is blocking the main thread from doing anything.
2026-08-25T23-56-52: [time], [address], [incoming], [outgoing], [app_ctos], [app_stoc], [loss], [sent], [ping], [variance], [reliable delayed], [unreliable delayed], [app update delayed], [Time spent in critical section (frame)]
1015,X.X.X.X,70,98,0,0,0,2,438,109,0,0,0,0
11229,X.X.X.X,25573,3806,17138,858,0,31,13,19,0,0,6,0
21237,X.X.X.X,26168,4204,5600,106,0,55,7,6,0,0,6,0
31276,X.X.X.X,26699,4459,9,13,0,75,7,6,0,0,6,0
41328,X.X.X.X,27388,4739,145,22,0,95,7,6,0,0,6,0
51331,X.X.X.X,46574,9995,15490,1872,0,144,7,6,0,0,6,0
61339,X.X.X.X,73942,17461,21910,2296,0,198,7,6,0,0,6,0
71344,X.X.X.X,103828,24617,24656,1858,0,261,7,6,0,0,6,0
81357,X.X.X.X,105119,25212,489,193,0,281,7,6,0,0,6,0
91378,X.X.X.X,106411,25807,490,193,0,301,7,6,0,0,6,0
101402,X.X.X.X,107956,26460,687,211,0,321,7,6,0,0,6,0
111427,X.X.X.X,110007,27395,969,373,0,341,7,6,0,0,6,0
121472,X.X.X.X,112020,28313,945,364,0,361,7,6,0,0,6,0
131482,X.X.X.X,114792,29334,1632,355,0,381,7,6,0,0,6,0
141483,X.X.X.X,130180,39618,9486,3962,0,401,7,6,0,0,6,0
151537,X.X.X.X,152891,56565,13399,6585,0,421,7,6,0,0,6,0
161572,X.X.X.X,175552,73381,13419,6534,0,441,7,6,0,0,6,0
171575,X.X.X.X,198116,90215,13314,6544,0,461,7,6,0,0,6,0
181592,X.X.X.X,221585,107733,13853,6812,0,481,7,6,0,0,6,0
191622,X.X.X.X,244423,124784,13470,6625,0,501,7,6,0,0,6,0
201645,X.X.X.X,266842,141514,13225,6504,0,521,7,6,0,0,6,0
211650,X.X.X.X,289871,158703,13589,6683,0,541,7,6,0,0,6,0
221678,X.X.X.X,313166,176014,13787,6725,0,561,7,6,0,0,6,0
231719,X.X.X.X,335655,192796,13267,6524,0,581,7,6,0,0,6,0
241746,X.X.X.X,358775,210055,13640,6705,0,601,7,6,0,0,6,0
251765,X.X.X.X,381500,227019,13405,6594,0,621,7,6,0,0,6,0
261801,X.X.X.X,403475,243529,12881,6380,0,641,7,6,0,0,6,0
271826,X.X.X.X,425152,259841,12685,6294,0,661,7,6,0,0,6,0
281835,X.X.X.X,446511,275823,12547,6172,0,681,7,6,0,0,6,0
291889,X.X.X.X,468800,292603,13045,6474,0,701,7,6,0,0,6,0
301932,X.X.X.X,490883,309218,12929,6413,0,721,7,6,0,0,6,0
311944,X.X.X.X,512934,325816,12905,6404,0,741,7,6,0,0,6,0
321985,X.X.X.X,535153,342535,13009,6453,0,761,7,6,0,0,6,0
332007,X.X.X.X,557034,359003,12805,6354,0,781,7,6,0,0,6,0
342045,X.X.X.X,579515,375843,13207,6502,0,801,7,6,0,0,6,0
352062,X.X.X.X,601918,392696,13109,6503,0,822,7,6,0,0,6,0
362075,X.X.X.X,623971,409294,12907,6404,0,842,7,6,0,0,6,0
372088,X.X.X.X,646124,425970,12965,6434,0,862,7,6,0,0,6,0
382127,X.X.X.X,668309,442663,12989,6443,0,882,7,6,0,0,6,0
392150,X.X.X.X,689984,458966,12689,6293,0,902,7,6,0,0,6,0
402182,X.X.X.X,711957,475425,12903,6353,0,922,7,6,0,0,6,0
412196,X.X.X.X,734517,492404,13210,6553,0,942,7,6,0,0,6,0
422236,X.X.X.X,757146,509444,13245,6574,0,962,7,6,0,0,6,0
432286,X.X.X.X,779875,526553,13309,6603,0,982,7,6,0,0,6,0
442306,X.X.X.X,802130,543307,13025,6464,0,1002,7,6,0,0,6,0
452348,X.X.X.X,823975,559740,12789,6343,0,1022,7,6,0,0,6,0
462389,X.X.X.X,845924,576260,12845,6374,0,1042,7,6,0,0,6,0
472403,X.X.X.X,868008,592875,12930,6413,0,1062,7,6,0,0,6,0
482430,X.X.X.X,890263,609629,13025,6464,0,1082,7,6,0,0,6,0
492454,X.X.X.X,913090,626547,13511,6532,0,1102,7,6,0,0,6,0
502495,X.X.X.X,935311,643275,13005,6454,0,1122,7,6,0,0,6,0
512532,X.X.X.X,957292,659812,12869,6383,0,1142,7,6,0,0,6,0
522581,X.X.X.X,979207,676306,12825,6364,0,1162,7,6,0,0,6,0
532586,X.X.X.X,1005083,691962,17132,5938,0,1186,7,6,0,0,6,0
542592,X.X.X.X,1041774,707129,27591,5137,0,1211,7,6,0,0,6,0
552598,X.X.X.X,1073447,719540,24219,4385,0,1237,7,6,0,0,6,0
562600,X.X.X.X,1091921,728395,9920,1231,0,1269,7,6,0,0,6,0
572602,X.X.X.X,1104566,734284,7437,1349,0,1308,7,6,0,0,6,0
582606,X.X.X.X,1129769,744876,14945,1190,0,1339,7,6,0,0,6,0
592616,X.X.X.X,1160668,756265,24247,4115,0,1368,7,6,0,0,6,0
602624,X.X.X.X,1180246,762351,15360,2064,0,1409,7,6,0,0,6,0
612634,X.X.X.X,1181876,762946,828,193,0,1429,7,6,0,0,6,0
622638,X.X.X.X,1183155,763541,489,193,0,1449,7,6,0,0,6,0
632643,X.X.X.X,1184436,764127,479,184,0,1469,7,6,0,0,6,0
642646,X.X.X.X,1185771,764750,535,211,0,1489,7,6,0,0,6,0
652648,X.X.X.X,1187272,765392,665,202,0,1510,7,6,0,0,6,0
662658,X.X.X.X,1188557,765987,489,193,0,1530,7,6,0,0,6,0
672665,X.X.X.X,1190357,766656,934,229,0,1551,7,6,0,0,6,0
682667,X.X.X.X,1218443,778311,21250,4337,0,1587,7,6,0,0,6,0
692676,X.X.X.X,1275306,801905,43175,8412,0,1653,7,6,0,0,6,0
702678,X.X.X.X,1313564,815883,29704,5046,0,1723,7,6,0,0,6,0
712679,X.X.X.X,1327927,821203,10279,1668,0,1764,7,6,0,0,6,0
722720,X.X.X.X,1372896,827774,39523,1019,0,1786,7,6,0,0,6,0
732737,X.X.X.X,1374678,828479,918,255,0,1806,7,6,0,0,6,0
742786,X.X.X.X,1375985,829074,503,193,0,1826,7,6,0,0,6,0
752802,X.X.X.X,1377244,829660,465,184,0,1846,7,6,0,0,6,0
762831,X.X.X.X,1378535,830255,489,193,0,1866,7,6,0,0,6,0
772832,X.X.X.X,1379788,830833,465,184,0,1886,7,6,0,0,6,0
782853,X.X.X.X,1381061,831428,489,193,0,1906,7,6,0,0,6,0
792894,X.X.X.X,1382692,832023,829,193,0,1926,7,6,0,0,6,0
802901,X.X.X.X,1383984,832618,490,193,0,1946,7,6,0,0,6,0
812923,X.X.X.X,1385237,833196,465,184,0,1966,7,6,0,0,6,0
822955,X.X.X.X,1386522,833791,489,193,0,1986,7,6,0,0,6,0
832978,X.X.X.X,1387775,834369,465,184,0,2006,7,6,0,0,6,0
843019,X.X.X.X,1389060,834964,489,193,0,2026,7,6,0,0,6,0
853064,X.X.X.X,1390727,835576,851,202,0,2046,7,6,0,0,6,0
863097,X.X.X.X,1391981,836154,466,184,0,2066,7,6,0,0,6,0
873107,X.X.X.X,1393272,836749,489,193,0,2086,7,6,0,0,6,0
883148,X.X.X.X,1394519,837327,465,184,0,2106,7,6,0,0,6,0
893184,X.X.X.X,1395810,837922,489,193,0,2126,7,6,0,0,6,0
903185,X.X.X.X,1397057,838500,465,184,0,2146,7,6,0,0,6,0
913194,X.X.X.X,1398752,839120,877,202,0,2166,7,6,0,0,6,0
923201,X.X.X.X,1400043,839715,489,193,0,2186,7,6,0,0,6,0
933239,X.X.X.X,1401309,840301,466,184,0,2206,7,6,0,0,6,0
943270,X.X.X.X,1402588,840896,489,193,0,2226,7,6,0,0,6,0
953290,X.X.X.X,1403855,841478,465,184,0,2247,7,6,0,0,6,0
963331,X.X.X.X,1405146,842073,489,193,0,2267,7,6,0,0,6,0
973385,X.X.X.X,1406775,842668,827,193,0,2287,7,6,0,0,6,0
983409,X.X.X.X,1408066,843263,489,193,0,2307,7,6,0,0,6,0
993447,X.X.X.X,1409351,843858,489,193,0,2327,7,6,0,0,6,0
1003467,X.X.X.X,1410604,844436,465,184,0,2347,7,6,0,0,6,0
1013509,X.X.X.X,1411851,845014,465,184,0,2367,7,6,0,0,6,0
1023529,X.X.X.X,1413142,845609,489,193,0,2387,7,6,0,0,6,0
1033538,X.X.X.X,1414765,846204,827,193,0,2407,7,6,0,0,6,0
1043563,X.X.X.X,1416056,846799,489,193,0,2427,7,6,0,0,6,0
1053576,X.X.X.X,1417309,847377,465,184,0,2447,7,6,0,0,6,0
1063583,X.X.X.X,1418636,847980,517,193,0,2467,